x_0,y_0,z_0,visibility_0,x_1,y_1,z_1,visibility_1,x_2,y_2,z_2,visibility_2,x_3,y_3,z_3,visibility_3,x_4,y_4,z_4,visibility_4,x_5,y_5,z_5,visibility_5,x_6,y_6,z_6,visibility_6,x_7,y_7,z_7,visibility_7,x_8,y_8,z_8,visibility_8,x_9,y_9,z_9,visibility_9,x_10,y_10,z_10,visibility_10,x_11,y_11,z_11,visibility_11,x_12,y_12,z_12,visibility_12,x_13,y_13,z_13,visibility_13,x_14,y_14,z_14,visibility_14,x_15,y_15,z_15,visibility_15,x_16,y_16,z_16,visibility_16,x_17,y_17,z_17,visibility_17,x_18,y_18,z_18,visibility_18,x_19,y_19,z_19,visibility_19,x_20,y_20,z_20,visibility_20,x_21,y_21,z_21,visibility_21,x_22,y_22,z_22,visibility_22,x_23,y_23,z_23,visibility_23,x_24,y_24,z_24,visibility_24,x_25,y_25,z_25,visibility_25,x_26,y_26,z_26,visibility_26,x_27,y_27,z_27,visibility_27,x_28,y_28,z_28,visibility_28,x_29,y_29,z_29,visibility_29,x_30,y_30,z_30,visibility_30,x_31,y_31,z_31,visibility_31,x_32,y_32,z_32,visibility_32
0.1957678645849228,-0.5593159794807434,-0.1225816905498504,0.9996607303619384,0.1950952857732772,-0.5984712839126587,-0.1138887852430343,0.999309539794922,0.1946169435977935,-0.598432183265686,-0.1156962141394615,0.9991399049758912,0.1951231658458709,-0.5987517833709717,-0.1135360300540924,0.9991840720176696,0.1834210306406021,-0.599181592464447,-0.1476110368967056,0.9995030760765076,0.1857677847146988,-0.5999900698661804,-0.1476813405752182,0.9994989037513732,0.1851264834403991,-0.5988919734954834,-0.143938809633255,0.9996252059936525,0.1226696074008941,-0.627468466758728,-0.0318284109234809,0.9973269701004028,0.0755847692489624,-0.6249602437019348,-0.1724273264408111,0.9996487498283386,0.1559088677167892,-0.5493025779724121,-0.0956234261393547,0.99944007396698,0.1430684775114059,-0.5470013618469238,-0.1343857795000076,0.9997286200523376,0.10490483045578,-0.4858132004737854,0.074205107986927,0.9995924830436708,-0.0537591986358165,-0.4792168736457824,-0.2112904042005539,0.9999687671661376,0.1960496753454208,-0.3879255354404449,0.0739569514989852,0.5367255210876465,-0.0804560780525207,-0.2277042418718338,-0.2496054917573928,0.9964599609375,0.1792187690734863,-0.486221581697464,-0.057854063808918,0.7268893122673035,-0.0090514384210109,-0.0222734827548265,-0.2430645823478698,0.9891878366470336,0.1599213480949401,-0.513453483581543,-0.0797538980841636,0.6499798893928528,-0.0063853259198367,0.0347149185836315,-0.2828325629234314,0.9770426154136658,0.1583625972270965,-0.5509803891181946,-0.0858219489455223,0.6448442935943604,0.0314989872276783,0.0324235558509826,-0.2840239703655243,0.9757465720176696,0.17050202190876,-0.5067636370658875,-0.0664257779717445,0.6211945414543152,0.0100506693124771,-0.0082530165091156,-0.2419343739748001,0.9656257033348083,0.0552306696772575,0.0060963206924498,0.0858542844653129,0.9990695118904114,-0.0559877716004848,-0.0067338705994188,-0.0852338075637817,0.9995259642601012,0.0308992844074964,0.3563422560691833,0.1775591522455215,0.5987977385520935,-0.0163519382476806,0.3781934976577759,-0.0648056715726852,0.9557114243507384,0.0014965059235692,0.7329498529434204,0.2796249687671661,0.7469271421432495,-0.0142369419336318,0.7547011971473694,0.0059648165479302,0.9607455134391784,0.0046037072315812,0.7815704941749573,0.2813136875629425,0.7088640928268433,-0.0110811097547411,0.7980785369873047,0.0052340948022902,0.863502562046051,0.1036248207092285,0.7995720505714417,0.1963880807161331,0.8404922485351562,0.0633247196674346,0.8347508311271667,-0.1093214675784111,0.96107816696167
0.1985600739717483,-0.5641687512397766,-0.1250370740890503,0.9996748566627502,0.196356251835823,-0.6035405993461609,-0.1160038635134697,0.999336004257202,0.1958808004856109,-0.6035074591636658,-0.1178176924586296,0.9991719722747804,0.1963879764080047,-0.6038084626197815,-0.1156631633639335,0.9992075562477112,0.1845703423023224,-0.6044022440910339,-0.1501367539167404,0.9995267987251282,0.186921015381813,-0.6051931381225586,-0.1502128094434738,0.9995242953300476,0.1862793117761612,-0.6040987372398376,-0.1464760601520538,0.9996439814567566,0.1227824687957763,-0.6302534937858582,-0.0326999090611934,0.997448205947876,0.0754046365618705,-0.6277523040771484,-0.1748267561197281,0.999671459197998,0.1587883234024047,-0.5529439449310303,-0.0974356979131698,0.9994704127311708,0.1457110792398452,-0.5506993532180786,-0.1367041766643524,0.9997473359107972,0.1066680401563644,-0.4869251251220703,0.0735760033130645,0.9996058940887452,-0.0537009835243225,-0.4792292416095733,-0.2134069502353668,0.9999706745147704,0.1945734173059463,-0.3873354792594909,0.0743124112486839,0.5453749299049377,-0.0806583240628242,-0.2268129736185073,-0.2515544295310974,0.9965613484382628,0.1791343837976455,-0.4846083223819732,-0.0546041503548622,0.7358165979385376,-0.0094680478796362,-0.0206587016582489,-0.2446404248476028,0.9895899891853333,0.1597163379192352,-0.5112605094909668,-0.0760319009423255,0.6565645337104797,-0.006921864580363,0.0375140830874443,-0.2836523652076721,0.9777658581733704,0.1587141454219818,-0.5483347177505493,-0.083048790693283,0.650979220867157,0.0309375245124101,0.0349362678825855,-0.2852993011474609,0.9765092134475708,0.1704699993133545,-0.5048617124557495,-0.0635162964463234,0.626811683177948,0.0096060913056135,-0.0066745779477059,-0.243539810180664,0.9666852355003356,0.0559756085276603,0.0061147604137659,0.0861455500125885,0.9991036057472228,-0.0567315481603145,-0.0067516006529331,-0.0855344757437706,0.999544620513916,0.0332986824214458,0.3565618097782135,0.1821379512548446,0.6096295714378357,-0.0171743407845497,0.3781587481498718,-0.0649187937378883,0.9576838612556458,0.0012454626848921,0.7327979803085327,0.2880305349826813,0.7525217533111572,-0.0145028131082654,0.7544283270835876,0.0060441498644649,0.9622568488121032,0.004270524252206,0.7813915014266968,0.2899390161037445,0.7122130990028381,-0.0111620537936687,0.7978194952011108,0.0053807739168405,0.8653531670570374,0.1050588637590408,0.7996538281440735,0.206491470336914,0.8446007966995239,0.0642149671912193,0.8346046805381775,-0.1094278171658515,0.9624542593955994
0.1988740116357803,-0.5683873891830444,-0.1280974447727203,0.9996789693832396,0.1960235834121704,-0.6075617074966431,-0.1187867000699043,0.9993404746055604,0.1955474466085434,-0.6075341701507568,-0.1205861568450927,0.9991793632507324,0.1960586905479431,-0.6078166961669922,-0.1184552758932113,0.9992030262947084,0.1842101812362671,-0.6088094711303711,-0.1526891440153122,0.999533474445343,0.1865594238042831,-0.6095899939537048,-0.1527693718671798,0.999532163143158,0.1859181374311447,-0.6084920167922974,-0.1490093320608139,0.9996482133865356,0.1225754395127296,-0.631553590297699,-0.0331928730010986,0.9975022673606871,0.0751393288373947,-0.6297923922538757,-0.1748332232236862,0.9996833801269532,0.1600126922130584,-0.5558950901031494,-0.0993155762553215,0.9994915127754213,0.1463865339756012,-0.5540187358856201,-0.1381455361843109,0.999761998653412,0.1097404658794403,-0.4882611930370331,0.074125163257122,0.9996214509010316,-0.0538188740611076,-0.4795507788658142,-0.2107789367437362,0.9999719858169556,0.1991676092147827,-0.3869350552558899,0.073433794081211,0.5526357293128967,-0.0831778869032859,-0.2267267704010009,-0.2463568150997162,0.9965129494667052,0.1763292253017425,-0.4831704497337341,-0.0661117285490036,0.7430748343467712,-0.0116710979491472,-0.0197440553456544,-0.2424482107162475,0.9894245862960817,0.1533695757389068,-0.5097094178199768,-0.0952801033854484,0.6626450419425964,-0.0092015247792005,0.037689484655857,-0.2824652194976806,0.9774678349494934,0.1502130925655365,-0.5469148755073547,-0.0979495570063591,0.6562373042106628,0.0277030598372221,0.0349293909966945,-0.2834877073764801,0.9761754870414734,0.1663103103637695,-0.5032084584236145,-0.0748179927468299,0.6308274269104004,0.0068681049160659,-0.0060928431339561,-0.2414117157459259,0.9662184715270996,0.0568044446408748,0.006135975010693,0.0859583020210266,0.9991414546966552,-0.0575516633689403,-0.0067725842818617,-0.0853627920150756,0.9995615482330322,0.0332271307706832,0.3571339547634125,0.1827796399593353,0.6094800233840942,-0.0185533817857503,0.3768699467182159,-0.0720353350043296,0.957862675189972,-0.0013000484323129,0.7303723692893982,0.2919627428054809,0.7522655129432678,-0.0151163153350353,0.752677321434021,0.0027400813996791,0.9625680446624756,0.0014585737371817,0.7785696387290955,0.294773668050766,0.7165178656578064,-0.0114651685580611,0.7960667610168457,0.0024989205412566,0.8681560158729553,0.1027851626276969,0.79963618516922,0.2103283405303955,0.8446889519691467,0.0647905021905899,0.8346129059791565,-0.1150574013590812,0.9627671241760254
0.1994376927614212,-0.5724804401397705,-0.1299226284027099,0.9996804594993592,0.1958991736173629,-0.6114035248756409,-0.1202578768134117,0.99934321641922,0.195424422621727,-0.6113792657852173,-0.1220516487956047,0.9991838932037354,0.1959423422813415,-0.611644983291626,-0.1199279204010963,0.9991952776908876,0.1839338541030883,-0.6131898760795593,-0.1538603454828262,0.9995384812355042,0.1862820535898208,-0.6139674782752991,-0.1539293527603149,0.9995379447937012,0.1856415867805481,-0.6128778457641602,-0.1501550674438476,0.9996508955955504,0.1234868839383125,-0.632642388343811,-0.0330854430794715,0.9975420832633972,0.0744880735874176,-0.6325751543045044,-0.1734625399112701,0.9996930956840516,0.1618220508098602,-0.5586902499198914,-0.1000863015651702,0.999506413936615,0.1472001075744629,-0.5573906898498535,-0.1385788172483444,0.9997745156288148,0.1144260987639427,-0.488477885723114,0.0766217559576034,0.9996308088302612,-0.0538546554744243,-0.4804284870624542,-0.2039397060871124,0.999972939491272,0.2006310522556305,-0.3857195973396301,0.073591910302639,0.5587418079376221,-0.0841651260852813,-0.2268843650817871,-0.2362102717161178,0.9964464902877808,0.1749702244997024,-0.4822945296764374,-0.0693056583404541,0.749958872795105,-0.0133065795525908,-0.0193049889057874,-0.2367132902145385,0.9891924262046814,0.1515668779611587,-0.5086453557014465,-0.1017685309052467,0.6690967679023743,-0.0112019339576363,0.037716057151556,-0.2778522074222564,0.9770746827125548,0.1482777744531631,-0.5460366606712341,-0.1033669486641883,0.6620347499847412,0.0249707531183958,0.0348741561174392,-0.2793671190738678,0.9757711291313172,0.1646732985973358,-0.5020908713340759,-0.0782511308789253,0.6356480717658997,0.0048454152420163,-0.0058414861559867,-0.2363017052412033,0.9657533764839172,0.0578740648925304,0.0061687165871262,0.085829772055149,0.99916410446167,-0.0586117208003997,-0.0068091787397861,-0.0852469280362129,0.9995715022087096,0.0337364412844181,0.3572593629360199,0.1830678582191467,0.6072235703468323,-0.0205363184213638,0.3755470514297485,-0.0838156417012214,0.957651913166046,-0.0033492455258965,0.725955069065094,0.2951224446296692,0.7496938109397888,-0.0159036219120025,0.7505804896354675,-0.009709121659398,0.9629825353622437,-0.0009854105301201,0.7736899852752686,0.2984842956066131,0.7189862728118896,-0.0119139105081558,0.79384446144104,-0.0098597388714551,0.8706359267234802,0.1012062653899192,0.7991118431091309,0.213287279009819,0.8436468243598938,0.0658829733729362,0.8341064453125,-0.1317425370216369,0.9632624387741088
0.1995638906955719,-0.572826623916626,-0.1299524158239364,0.9996817111968994,0.1958062797784805,-0.61171954870224,-0.1203032732009887,0.999343752861023,0.1953310221433639,-0.6116976141929626,-0.1220946162939071,0.9991854429244996,0.1958532035350799,-0.6119627356529236,-0.1199733838438987,0.9991869926452636,0.1837232261896133,-0.6135892271995544,-0.1538512110710144,0.999541163444519,0.1860706508159637,-0.6143632531166077,-0.1539195626974105,0.9995410442352296,0.1854290664196014,-0.613274335861206,-0.1501433700323104,0.9996516704559326,0.1238353475928306,-0.6328144669532776,-0.0328191965818405,0.9975795745849608,0.0743601247668266,-0.6331914067268372,-0.1721672117710113,0.9997004866600036,0.162257894873619,-0.559064507484436,-0.1000649183988571,0.9995194673538208,0.147430345416069,-0.5578873753547668,-0.1385520249605178,0.9997853636741638,0.1155294030904769,-0.4886001050472259,0.077572077512741,0.9996419548988342,-0.0539477840065956,-0.480835884809494,-0.2000522166490554,0.9999738931655884,0.2029178291559219,-0.3831890523433685,0.073293425142765,0.5658654570579529,-0.0856844559311866,-0.2270281016826629,-0.2315119951963424,0.9963598251342772,0.1721428781747818,-0.4785667359828949,-0.0724353119730949,0.756319522857666,-0.0162548422813415,-0.0190701056271791,-0.2320899665355682,0.9889135360717772,0.1468691378831863,-0.5056794285774231,-0.105593666434288,0.6745465397834778,-0.0145712168887257,0.0377001352608203,-0.2733752429485321,0.9765617847442628,0.1426179856061935,-0.5450672507286072,-0.1063392534852027,0.6667345762252808,0.0207715891301631,0.0347284972667694,-0.2744587957859039,0.9752197265625,0.1611102074384689,-0.4994634091854095,-0.0810913369059562,0.6391342282295227,0.0014051942853257,-0.0057239811867475,-0.2316429167985916,0.9650285243988036,0.0583659820258617,0.0061858976259827,0.0856378376483917,0.9991862773895264,-0.0590938813984394,-0.0068272445350885,-0.0850652679800987,0.9995812773704528,0.034312006086111,0.3577942848205566,0.1829238086938858,0.6078274250030518,-0.0212720651179552,0.3756739795207977,-0.0888441875576973,0.9579167366027832,-0.006073267199099,0.7263489365577698,0.2934948205947876,0.7509545683860779,-0.0158460661768913,0.7507731914520264,-0.017621086910367,0.963623821735382,-0.0041955965571105,0.7741419672966003,0.2965275347232818,0.7235154509544373,-0.0117015400901436,0.7940161228179932,-0.0180286839604377,0.8737877011299133,0.0986027345061302,0.8012233376502991,0.2108956724405288,0.844535231590271,0.0680007264018058,0.836254894733429,-0.1410205066204071,0.9638646841049194
0.1998638063669204,-0.5729818940162659,-0.1298735439777374,0.9996797442436218,0.1959471404552459,-0.6118479371070862,-0.1202355548739433,0.9993380904197692,0.1954710632562637,-0.6118273138999939,-0.1220260858535766,0.9991793036460876,0.1959989368915558,-0.6120925545692444,-0.1199050024151802,0.9991713762283324,0.1836811453104019,-0.6137928366661072,-0.1537913829088211,0.9995394349098206,0.1860279589891433,-0.6145638823509216,-0.1538594216108322,0.9995397329330444,0.1853831112384796,-0.6134750843048096,-0.1500836759805679,0.999649167060852,0.1243276596069336,-0.6328396201133728,-0.032393891364336,0.9975873827934264,0.0741109624505043,-0.6335720419883728,-0.1711688041687011,0.9997045993804932,0.1626949608325958,-0.5592145919799805,-0.1000358685851097,0.9995282888412476,0.147757351398468,-0.5581395626068115,-0.1384646445512771,0.9997943639755248,0.1162608638405799,-0.4884405434131622,0.0782602280378341,0.9996514320373536,-0.0539962910115718,-0.4809946119785309,-0.1981764882802963,0.9999746680259703,0.2038507014513015,-0.3791448473930359,0.0723857507109642,0.5719846487045288,-0.0863519012928009,-0.2269884943962097,-0.2299998253583908,0.9962533712387084,0.1699257940053939,-0.4770309329032898,-0.0768629014492034,0.7624596953392029,-0.0167402382940053,-0.019034644588828,-0.2304849326610565,0.9886230826377868,0.1437607258558273,-0.5053597092628479,-0.110640063881874,0.6799464225769043,-0.0149801280349493,0.0372075922787189,-0.2718497812747955,0.976021945476532,0.1393900960683822,-0.5443545579910278,-0.1105241402983665,0.6714375019073486,0.0201358422636985,0.0337145812809467,-0.2725476026535034,0.9746341705322266,0.1586047857999801,-0.4988378882408142,-0.085255779325962,0.6427045464515686,0.0008221068419516,-0.0057672853581607,-0.2298905253410339,0.9642277359962464,0.0587708689272403,0.0062028053216636,0.0855331942439079,0.9992063641548156,-0.0594918578863143,-0.0068441107869148,-0.084966666996479,0.9995898008346558,0.035123586654663,0.3579909205436706,0.1830950081348419,0.6072162389755249,-0.0217352267354726,0.3755570352077484,-0.0923619642853736,0.9580668210983276,-0.0078604184091091,0.7256651520729065,0.2940351366996765,0.7504597902297974,-0.0149931786581873,0.7504568696022034,-0.0219856910407543,0.9640450477600098,-0.0062862420454621,0.7734205722808838,0.297123372554779,0.7262271046638489,-0.0103982249274849,0.7936439514160156,-0.0224255286157131,0.8761007189750671,0.0968786776065826,0.801193356513977,0.2111459225416183,0.8442744612693787,0.0715310648083686,0.8362520337104797,-0.1454571336507797,0.964256227016449
0.1997404396533966,-0.5730769038200378,-0.1298218965530395,0.9996763467788696,0.195877194404602,-0.6119464039802551,-0.1201972141861915,0.9993285536766052,0.1954018324613571,-0.6119275689125061,-0.1219872683286666,0.9991679787635804,0.1959277242422104,-0.6121931076049805,-0.1198676601052284,0.999151051044464,0.1835155934095382,-0.6139618754386902,-0.1537451595067978,0.9995346069335938,0.1858626306056976,-0.6147308349609375,-0.153813436627388,0.9995349645614624,0.1852160096168518,-0.6136403679847717,-0.1500372886657714,0.9996439814567566,0.1241682469844818,-0.632864773273468,-0.0321919731795787,0.9975788593292236,0.0736827701330185,-0.6339465975761414,-0.1706078648567199,0.9997062683105468,0.1625382155179977,-0.5593038201332092,-0.1000060588121414,0.9995351433753968,0.1476497799158096,-0.558314323425293,-0.1384024322032928,0.9998021125793456,0.1162885650992393,-0.4883199036121368,0.0786536335945129,0.9996598958969116,-0.0543721318244934,-0.4812022149562835,-0.1973666548728943,0.999975323677063,0.2042999565601349,-0.3780955672264099,0.0702524185180664,0.5790601968765259,-0.0874717980623245,-0.2273151278495788,-0.2298301607370376,0.9961733222007751,0.1685619205236435,-0.4766325950622558,-0.0837325900793075,0.7695947885513306,-0.0174220148473978,-0.0190411694347858,-0.2306848317384719,0.9884489178657532,0.1419301331043243,-0.505192756652832,-0.1182624474167823,0.6868661046028137,-0.015576472505927,0.0368123352527618,-0.2721119523048401,0.975702941417694,0.1374076455831527,-0.5447535514831543,-0.1175430938601493,0.6777914762496948,0.0194259453564882,0.0331619605422019,-0.272664338350296,0.9742774367332458,0.1571043878793716,-0.498406708240509,-0.0919753760099411,0.6480652689933777,0.0001134362537413,-0.0058459755964577,-0.2300065159797668,0.9636988639831544,0.0591516457498073,0.0062140421941876,0.0854596570134162,0.9992239475250244,-0.0598641112446785,-0.0068571250885725,-0.0848973467946052,0.9995964765548706,0.0382620990276336,0.3581368327140808,0.1830775886774063,0.6054852604866028,-0.0222219713032245,0.3755122125148773,-0.0948968380689621,0.9580175876617432,-0.0075281513854861,0.7248762845993042,0.2941351234912872,0.7490085959434509,-0.0144118731841444,0.7504355907440186,-0.0254718270152807,0.9641402959823608,-0.0059469207189977,0.7725307941436768,0.2972685694694519,0.7279211282730103,-0.009448773227632,0.7935934066772461,-0.0260509066283702,0.877453625202179,0.0977193638682365,0.800682783126831,0.2114851772785186,0.8431634902954102,0.0739315897226333,0.836255669593811,-0.1489591300487518,0.9642825722694396
0.1996396631002426,-0.5734766125679016,-0.1296374499797821,0.9996746182441713,0.1956320405006408,-0.6123764514923096,-0.1200076341629028,0.9993199706077576,0.1951557993888855,-0.6123558878898621,-0.1218002513051033,0.999157965183258,0.1956860125064849,-0.6126244068145752,-0.1196864917874336,0.9991341829299928,0.1832817643880844,-0.6143307089805603,-0.1535946428775787,0.9995299577713012,0.1856280416250229,-0.6150965094566345,-0.1536683291196823,0.9995301961898804,0.184980422258377,-0.6140027046203613,-0.1498908847570419,0.999639093875885,0.1231527179479599,-0.6330490112304688,-0.0318240076303482,0.9975605010986328,0.0726925805211067,-0.634011447429657,-0.1704737544059753,0.9997069835662842,0.1624059826135635,-0.5596176385879517,-0.099805399775505,0.9995400905609132,0.1475605964660644,-0.5585693717002869,-0.1382172405719757,0.9998086094856262,0.1158380135893821,-0.4881360530853271,0.0791011005640029,0.9996678829193116,-0.0545900799334049,-0.481206864118576,-0.1977726519107818,0.9999757409095764,0.2038260400295257,-0.37637460231781,0.0686557367444038,0.584745466709137,-0.0888652205467224,-0.2272988110780716,-0.2304639220237732,0.9961005449295044,0.1678334325551986,-0.4744501709938049,-0.0888522714376449,0.7757755517959595,-0.0181134883314371,-0.01916323043406,-0.2314681708812713,0.988347828388214,0.1415663063526153,-0.5037039518356323,-0.1232357025146484,0.692676842212677,-0.0160368047654628,0.0361404381692409,-0.2733107507228851,0.9755017161369324,0.1373162865638733,-0.5438085198402405,-0.1230872273445129,0.6831421256065369,0.0189965907484293,0.03218949213624,-0.2733093202114105,0.9740397334098816,0.1565133333206176,-0.4965902268886566,-0.097437784075737,0.6524449586868286,-0.0005377900088205,-0.0061323470436036,-0.2305940836668014,0.9632713198661804,0.0593186169862747,0.0062274383381009,0.0854566693305969,0.9992417097091676,-0.0600279867649078,-0.0068714339286088,-0.0848947614431381,0.9996034502983092,0.0390233062207698,0.3581660389900207,0.1842316091060638,0.6051592230796814,-0.0232234019786119,0.3754104971885681,-0.0970931500196456,0.9582451581954956,-0.0075342901982367,0.7241483330726624,0.2964510917663574,0.7491803169250488,-0.0149671826511621,0.7503575086593628,-0.0264945160597562,0.9644060730934144,-0.0059396857395768,0.771723747253418,0.2997205555438995,0.7298641800880432,-0.0098890652880072,0.793492317199707,-0.027047136798501,0.8786320090293884,0.0979917347431182,0.7994449734687805,0.2133915424346923,0.843229353427887,0.0738004297018051,0.836292028427124,-0.1505608260631561,0.9645453691482544
0.1999940574169159,-0.5734443068504333,-0.1296289265155792,0.9996748566627502,0.1957719027996063,-0.6123471856117249,-0.1200025603175163,0.9993168711662292,0.195295050740242,-0.6123265027999878,-0.121794506907463,0.9991543889045716,0.195828840136528,-0.6125956177711487,-0.1196827068924903,0.9991252422332764,0.1834570467472076,-0.6142868399620056,-0.1536489129066467,0.9995299577713012,0.1858033537864685,-0.6150531768798828,-0.1537245064973831,0.9995303750038148,0.1851534992456436,-0.6139592528343201,-0.1499458998441696,0.999638557434082,0.1230903267860412,-0.6330748796463013,-0.0318281054496765,0.997561514377594,0.0726546198129654,-0.6340116262435913,-0.1708519756793975,0.999710738658905,0.1625847965478897,-0.5596213340759277,-0.099826343357563,0.99954754114151,0.1479265093803405,-0.5585657358169556,-0.1382909715175628,0.9998152256011964,0.1154529601335525,-0.4881337583065033,0.0791710019111633,0.9996737241744996,-0.0544872879981994,-0.4812361299991607,-0.1990170925855636,0.9999762177467346,0.2034259885549545,-0.3761114180088043,0.0687619969248771,0.5866251587867737,-0.0888313129544258,-0.2273475974798202,-0.2327861785888672,0.9960697293281556,0.1676000356674194,-0.4743126630783081,-0.0866342484951019,0.7794532179832458,-0.0179864279925823,-0.0191730875521898,-0.2334572523832321,0.9882894158363342,0.1417797207832336,-0.5034560561180115,-0.1200563609600067,0.6957999467849731,-0.0159235037863254,0.0359355211257934,-0.2756573557853699,0.9753904342651368,0.1378346383571624,-0.5434737801551819,-0.1208047419786453,0.6858171820640564,0.0192192606627941,0.0320436097681522,-0.275077760219574,0.973898947238922,0.1564738005399704,-0.4963632225990295,-0.0954565778374672,0.6543808579444885,-0.0003874618851114,-0.0061591025441884,-0.2323517352342605,0.9630178213119508,0.0593441724777221,0.0062316735275089,0.085542045533657,0.999257504940033,-0.0600532330572605,-0.0068777999840676,-0.0849828645586967,0.999610185623169,0.0394262336194515,0.3580490052700043,0.1850705742835998,0.6025248169898987,-0.0237599555402994,0.375499427318573,-0.0962829813361167,0.9582692384719848,-0.0073977876454591,0.7228308320045471,0.2967718243598938,0.7473361492156982,-0.0152991246432065,0.7504105567932129,-0.0256232134997844,0.9643003344535828,-0.0057552708312869,0.7703139781951904,0.30000901222229,0.730688750743866,-0.0101506290957331,0.7935448884963989,-0.0261574294418096,0.8792102336883545,0.0985837057232856,0.7972635626792908,0.2143471986055374,0.8419742584228516,0.0736883953213691,0.8363266587257385,-0.1489224731922149,0.9644125699996948
0.2001688331365585,-0.5745445489883423,-0.1294020861387252,0.9996725916862488,0.1957089900970459,-0.6135079860687256,-0.1198563873767852,0.9993067383766174,0.1952314972877502,-0.6134902238845825,-0.1216537505388259,0.9991424679756165,0.1957653909921646,-0.6137604713439941,-0.1195449605584144,0.9991053342819214,0.1834287494421005,-0.61551433801651,-0.1535141468048095,0.999523103237152,0.1857745051383972,-0.6162808537483215,-0.1535970568656921,0.9995240569114684,0.1851269006729126,-0.6151778101921082,-0.1498222798109054,0.9996321201324464,0.1228560134768486,-0.6337023973464966,-0.0318902432918548,0.9975432753562928,0.072545975446701,-0.6348491907119751,-0.1710837334394455,0.9997109174728394,0.1626288741827011,-0.5604811906814575,-0.0997460559010505,0.9995530247688292,0.1481762528419494,-0.5594922304153442,-0.1382190883159637,0.99982088804245,0.1154473647475242,-0.4879973232746124,0.0774160027503967,0.999679446220398,-0.0547817908227443,-0.4812124371528625,-0.1997977644205093,0.9999766945838928,0.203257143497467,-0.3738744258880615,0.0633154213428497,0.593341052532196,-0.0894169956445694,-0.2273320704698562,-0.2341848611831665,0.996083676815033,0.1677328944206237,-0.4727961719036102,-0.0877275690436363,0.7863256335258484,-0.0181382410228252,-0.0191934127360582,-0.2337416112422943,0.988487720489502,0.1419619023799896,-0.5009997487068176,-0.1193669587373733,0.7023138999938965,-0.0159920398145914,0.0359876751899719,-0.2758014500141144,0.975743293762207,0.1380493193864822,-0.5414536595344543,-0.1206680461764335,0.6919630169868469,0.0191887021064758,0.0321061983704566,-0.2752833962440491,0.9742609858512878,0.1566436886787414,-0.4948318898677826,-0.0963670909404754,0.6599366664886475,-0.0004784252378158,-0.0061774956993758,-0.2325590997934341,0.963484227657318,0.0597698204219341,0.0062103508971631,0.0855332687497139,0.9992735981941224,-0.0604699365794658,-0.0068587902933359,-0.0849759578704834,0.999617874622345,0.0401237495243549,0.3583983182907104,0.1879929453134536,0.6112765073776245,-0.0247072260826826,0.3755154311656952,-0.0959978476166725,0.9598819613456726,-0.0073993075639009,0.723340630531311,0.2989386320114136,0.75334632396698,-0.0164375584572553,0.7508558630943298,-0.0254967678338289,0.96539306640625,-0.0057208272628486,0.7709357142448425,0.3019680380821228,0.734846293926239,-0.0111000435426831,0.7940190434455872,-0.0261605344712734,0.8807002305984497,0.0991690680384635,0.7976035475730896,0.2172377407550811,0.8455411195755005,0.0725298672914505,0.8370277285575867,-0.1486437916755676,0.9652218818664552
0.2001950591802597,-0.5756328105926514,-0.1293647140264511,0.9996778964996338,0.1956554949283599,-0.6147977113723755,-0.119822010397911,0.9993151426315308,0.1951787024736404,-0.6147868037223816,-0.1216203868389129,0.9991524815559388,0.1957136988639831,-0.6150574088096619,-0.1195117011666297,0.9991090297698976,0.1833667010068893,-0.6168347597122192,-0.1534833163022995,0.9995288848876952,0.1857122182846069,-0.6176080107688904,-0.1535671353340149,0.9995307326316832,0.1850640922784805,-0.6164968013763428,-0.1497938632965088,0.9996361136436462,0.1225276589393615,-0.6350178718566895,-0.0323926955461502,0.9975772500038148,0.0723965093493461,-0.6364343762397766,-0.1720089465379715,0.9997185468673706,0.162580594420433,-0.5614943504333496,-0.0997477695345878,0.9995670318603516,0.1481984108686447,-0.5605584979057312,-0.1382408887147903,0.9998290538787842,0.1156932711601257,-0.4874965250492096,0.0738790109753608,0.999687671661377,-0.056631501764059,-0.4811860024929046,-0.2019347846508026,0.9999776482582092,0.2028751373291015,-0.3656767904758453,0.0596798472106456,0.6010599136352539,-0.0924911871552467,-0.2254732251167297,-0.2377198934555053,0.9962170124053956,0.1722630858421325,-0.4668508768081665,-0.0872822850942611,0.7944292426109314,-0.0187473352998495,-0.0190758295357227,-0.2375644892454147,0.9890452027320862,0.1474052667617797,-0.4925566017627716,-0.1180102974176406,0.7107241749763489,-0.0161297339946031,0.0370010882616043,-0.2771619856357574,0.976788341999054,0.1452443748712539,-0.5331061482429504,-0.1200230494141578,0.7003734707832336,0.019207838922739,0.0327318869531154,-0.2783629298210144,0.975370228290558,0.1617105454206466,-0.488578200340271,-0.0962386429309845,0.6683558821678162,-0.0006785420118831,-0.0060988753102719,-0.2364443987607956,0.9650334119796752,0.0605606585741043,0.0061891418881714,0.0855405181646347,0.9992884397506714,-0.0612543746829032,-0.0068373722024261,-0.0849847942590713,0.9996275305747986,0.0401974730193614,0.358777105808258,0.1898398995399475,0.6267194747924805,-0.028142238035798,0.3757025301456451,-0.0955418944358825,0.962153434753418,-0.0076001258566975,0.7265280485153198,0.2986617088317871,0.7627509832382202,-0.0189587343484163,0.7517504096031189,-0.025191618129611,0.966965913772583,-0.0058366851881146,0.774712085723877,0.3014530539512634,0.7396169900894165,-0.0132510969415307,0.7949459552764893,-0.0260313022881746,0.8821069002151489,0.0991233885288238,0.7993916869163513,0.2171556800603866,0.8513339161872864,0.0689707323908805,0.8374316692352295,-0.147875040769577,0.9664968848228456
0.200798824429512,-0.5756078958511353,-0.1293328702449798,0.999677300453186,0.1960455924272537,-0.6147900223731995,-0.1197931617498397,0.9993128776550292,0.195561334490776,-0.6147804260253906,-0.1215924471616745,0.9991509318351746,0.1960912346839904,-0.6150513887405396,-0.1194839403033256,0.9991012811660768,0.1838418841361999,-0.6168304681777954,-0.1534560918807983,0.9995253086090088,0.186189129948616,-0.6176045536994934,-0.1535406112670898,0.9995276927947998,0.1855545043945312,-0.6164919137954712,-0.149768516421318,0.9996322393417358,0.1227606534957885,-0.6352847218513489,-0.0328960344195365,0.9975799322128296,0.0728294104337692,-0.6368855834007263,-0.1726254373788833,0.9997203946113586,0.1630894690752029,-0.5615368485450745,-0.0997477993369102,0.9995754957199096,0.1488792300224304,-0.560621440410614,-0.1382429897785186,0.999834418296814,0.1165119186043739,-0.4872937500476837,0.0715901106595993,0.9996951818466188,-0.0569430403411388,-0.4810451567173004,-0.2030508518218994,0.9999783039093018,0.2027061432600021,-0.3603230118751526,0.0547656267881393,0.6065983176231384,-0.0922981426119804,-0.2232488244771957,-0.2390229254961013,0.9962968230247498,0.1750993132591247,-0.4638906717300415,-0.0917803198099136,0.8011185526847839,-0.0179409887641668,-0.018940357491374,-0.2381094545125961,0.989447832107544,0.1504730880260467,-0.4893642365932464,-0.1202250197529792,0.7177085280418396,-0.0149136940017342,0.0373744741082191,-0.2772468030452728,0.977547824382782,0.1486082673072815,-0.530262291431427,-0.123673677444458,0.7072610259056091,0.0205981135368347,0.0328581854701042,-0.2785985171794891,0.9761772751808168,0.1646023541688919,-0.4857096672058105,-0.1007703021168708,0.6751311421394348,0.0003911649109795,-0.0060398569330573,-0.2370256632566452,0.9661604166030884,0.061007872223854,0.0061364448629319,0.085528664290905,0.9993031620979308,-0.0616927333176136,-0.0067829214967787,-0.0849755704402923,0.9996349811553956,0.040574450045824,0.3591601550579071,0.1902185827493667,0.6381672620773315,-0.0291271191090345,0.3763515651226043,-0.0951372534036636,0.963990330696106,-0.0073331776075065,0.7280983328819275,0.2985081970691681,0.7697649002075195,-0.0190079044550657,0.753295361995697,-0.0248794760555028,0.9681031703948976,-0.0053872144781053,0.7764602303504944,0.3009932041168213,0.7431097626686096,-0.0132535053417086,0.7965260148048401,-0.0257857777178287,0.8829349875450134,0.0997947454452514,0.800112783908844,0.2166781574487686,0.8555882573127747,0.0688266903162002,0.838218092918396,-0.1474882811307907,0.967322826385498
0.2016859650611877,-0.5753355026245117,-0.1297561228275299,0.9996843338012696,0.1968245059251785,-0.6145988702774048,-0.1203743070363998,0.999327838420868,0.1963342428207397,-0.6145923733711243,-0.1221802458167076,0.9991697669029236,0.1968601197004318,-0.6148636341094971,-0.1200721263885498,0.9991185069084167,0.1846867948770523,-0.6166238784790039,-0.1540871709585189,0.9995344877243042,0.1870373785495758,-0.617398202419281,-0.1541766971349716,0.9995368719100952,0.1864130944013595,-0.6162837743759155,-0.1504210978746414,0.999638855457306,0.1232231110334396,-0.6353200674057007,-0.0342957377433776,0.9976284503936768,0.0735190287232399,-0.6368873715400696,-0.1746614575386047,0.9997278451919556,0.163741186261177,-0.5614365339279175,-0.100477285683155,0.9995884895324708,0.1496951133012771,-0.5605071187019348,-0.1391017138957977,0.9998410940170288,0.1164989992976188,-0.4865194261074066,0.0699436292052269,0.9997032284736632,-0.0569497756659984,-0.4804436564445495,-0.2061532288789749,0.9999790787696838,0.2000704109668731,-0.352105438709259,0.0539807714521884,0.6078599095344543,-0.0915462300181388,-0.2170540243387222,-0.2425148338079452,0.9963806867599488,0.1806730180978775,-0.4564096331596374,-0.0920770093798637,0.8055116534233093,-0.0154134072363376,-0.0161996260285377,-0.2409500479698181,0.9898382425308228,0.1598624289035797,-0.4823012948036194,-0.1197277382016182,0.7223877906799316,-0.0116333700716495,0.0402264781296253,-0.2789715528488159,0.978279948234558,0.1611067950725555,-0.5226689577102661,-0.124325156211853,0.7119797468185425,0.0243681129068136,0.0347930826246738,-0.2811968922615051,0.97695791721344,0.1719633340835571,-0.4781043827533722,-0.1015137732028961,0.6797699928283691,0.0034259399399161,-0.0038279118016362,-0.2399622052907943,0.9672472476959229,0.0610796622931957,0.0060876891948282,0.0855825245380401,0.999314308166504,-0.0617629699409008,-0.0067323818802833,-0.0850326567888259,0.9996418356895448,0.040734726935625,0.3592032194137573,0.1911650747060775,0.6481336355209351,-0.029602350667119,0.3774109780788421,-0.0925769135355949,0.9656039476394652,-0.0065648839809,0.7291926741600037,0.2981438338756561,0.7762545943260193,-0.0190041474997997,0.7542439699172974,-0.0222087744623422,0.969127357006073,-0.0043902304023504,0.777720034122467,0.3006536960601806,0.7462826371192932,-0.0132352989166975,0.7974539995193481,-0.0232750251889228,0.8837134838104248,0.101040594279766,0.8005857467651367,0.2163254767656326,0.8597356081008911,0.0687945634126663,0.8386350870132446,-0.1424208432435989,0.968159556388855
0.2022499144077301,-0.5752077102661133,-0.1301062107086181,0.9996885657310486,0.1972697228193283,-0.614525556564331,-0.1208505257964134,0.9993364810943604,0.1967773884534835,-0.614520251750946,-0.122661106288433,0.9991810917854308,0.19730144739151,-0.6147918701171875,-0.1205517724156379,0.999129056930542,0.1852224469184875,-0.6165139675140381,-0.1546218693256378,0.9995397329330444,0.1875748187303543,-0.6172875761985779,-0.1547129601240158,0.9995420575141908,0.1869569569826126,-0.6161725521087646,-0.1509691625833511,0.999642848968506,0.1233680993318557,-0.6353974342346191,-0.0354638658463954,0.9976422786712646,0.0740053877234458,-0.636878490447998,-0.1762815713882446,0.9997321963310242,0.1641180962324142,-0.5613982677459717,-0.101111851632595,0.9995958805084229,0.1502492427825927,-0.5604326128959656,-0.1398382484912872,0.9998456239700316,0.1164226308465004,-0.4860780239105224,0.0687295868992805,0.9997100234031676,-0.0568140149116516,-0.479585736989975,-0.2090772986412048,0.9999797344207764,0.1977826654911041,-0.3487089574337005,0.0533662363886833,0.6086316704750061,-0.0898917093873024,-0.2121287137269973,-0.2460537999868393,0.9964335560798644,0.1871997863054275,-0.4519667327404022,-0.0923526063561439,0.8094015717506409,-0.0122983762994408,-0.0140536837279796,-0.2434735745191574,0.990143358707428,0.1700151413679123,-0.4783236682415008,-0.1194488555192947,0.7266497015953064,-0.008061341010034,0.0419664867222309,-0.2808209955692291,0.9788458347320556,0.1728150993585586,-0.5180257558822632,-0.124996043741703,0.7163131237030029,0.028026171028614,0.0357338972389698,-0.2835488617420196,0.977564811706543,0.179986760020256,-0.4734609127044678,-0.1021993160247802,0.6841282844543457,0.006811692379415,-0.0022225251886993,-0.2425709217786789,0.9680914282798768,0.061070766299963,0.0059850700199604,0.0857172757387161,0.9993245005607604,-0.0617541633546352,-0.0066267675720155,-0.0851708501577377,0.9996484518051147,0.0407281778752803,0.3591530323028564,0.1918899118900299,0.6544705033302307,-0.0293108560144901,0.3791193664073944,-0.0907078012824058,0.96678364276886,-0.0056863706558942,0.7291849851608276,0.2979057729244232,0.7806956171989441,-0.0187179688364267,0.7555546760559082,-0.0210704449564218,0.9698619842529296,-0.0032190028578042,0.7777045369148254,0.3005153238773346,0.748073399066925,-0.0129007324576377,0.798749566078186,-0.0222835782915353,0.8837438225746155,0.1026782691478729,0.7996839284896851,0.2160466760396957,0.8627751469612122,0.0693464130163192,0.8389071822166443,-0.1404988765716552,0.968771755695343
0.2026458233594894,-0.5736064910888672,-0.1302421391010284,0.9996947050094604,0.1976732164621353,-0.6130104064941406,-0.1210420280694961,0.9993470907211304,0.1971807926893234,-0.6130038499832153,-0.1228500008583068,0.9991946220397948,0.1977081894874572,-0.613278865814209,-0.1207415387034416,0.9991435408592224,0.1858091801404953,-0.6147266626358032,-0.1548521965742111,0.9995474815368652,0.1881624162197113,-0.6154915690422058,-0.1549426466226577,0.9995493292808532,0.1875418573617935,-0.6143790483474731,-0.1511990576982498,0.9996488690376282,0.1235510185360908,-0.6348775625228882,-0.0360638573765754,0.9976619482040404,0.0751039683818817,-0.635388970375061,-0.1769464462995529,0.9997369647026062,0.1643770486116409,-0.5602957010269165,-0.1014686450362205,0.999603271484375,0.1507731229066848,-0.5590476989746094,-0.1402105391025543,0.9998499155044556,0.1157829910516738,-0.485370934009552,0.0688570886850357,0.9997166991233826,-0.054665558040142,-0.4783544242382049,-0.2105713486671447,0.9999802708625792,0.196905180811882,-0.3493248224258423,0.0538262240588665,0.6074869632720947,-0.0876959860324859,-0.2102168202400207,-0.2477595955133438,0.9964239597320556,0.1895351707935333,-0.4518737196922302,-0.0921245142817497,0.8107704520225525,-0.0093332044780254,-0.0130237871780991,-0.244542196393013,0.990198850631714,0.1736822426319122,-0.4790795147418976,-0.1194833815097808,0.7279529571533203,-0.0047186035662889,0.0420118011534214,-0.2826465368270874,0.978907346725464,0.1767414361238479,-0.518694281578064,-0.1250533163547516,0.7174950838088989,0.031363122165203,0.0357176810503006,-0.2845163345336914,0.9776170253753662,0.1830298006534576,-0.4734332859516144,-0.1020841151475906,0.6849977374076843,0.0097634429112076,-0.0015812731580808,-0.2434803545475006,0.9681033492088318,0.060550283640623,0.0059337439015507,0.0858247354626655,0.9993317723274232,-0.0612401142716407,-0.0065764728933572,-0.085277147591114,0.9996529221534728,0.0407072305679321,0.3576672673225403,0.1917964816093444,0.6522133350372314,-0.0288868192583322,0.3798451423645019,-0.0903723537921905,0.9669360518455504,-0.0051871030591428,0.7268276810646057,0.2977996170520782,0.7804950475692749,-0.0186797473579645,0.7559873461723328,-0.0203791875392198,0.9698535799980164,-0.0026278831064701,0.775138795375824,0.3003991544246673,0.7487671971321106,-0.0128906676545739,0.7991685271263123,-0.0215086061507463,0.8839027881622314,0.1032298356294632,0.7958962917327881,0.2159090191125869,0.862933874130249,0.0694519281387329,0.8391371369361877,-0.1397374719381332,0.9688097834587096
0.2030746638774871,-0.5715559720993042,-0.130265399813652,0.9996963143348694,0.1982870399951934,-0.6109113693237305,-0.1210617199540138,0.9993480443954468,0.1977945268154144,-0.6109029650688171,-0.122867003083229,0.999196708202362,0.1983293443918228,-0.6111837029457092,-0.1207596436142921,0.9991471767425536,0.1866790354251861,-0.6123076677322388,-0.1549166440963745,0.9995498061180116,0.1890335381031036,-0.6130601167678833,-0.1550063043832779,0.9995513558387756,0.1884060800075531,-0.6119506359100342,-0.1512604802846908,0.9996511340141296,0.1238211020827293,-0.633721113204956,-0.036163218319416,0.9976479411125184,0.0765958204865455,-0.632882833480835,-0.1772214323282241,0.9997386932373048,0.1645929515361786,-0.5587321519851685,-0.1016058549284935,0.999605119228363,0.1512773185968399,-0.557158887386322,-0.1403885632753372,0.9998520016670228,0.1140756011009216,-0.4844203889369964,0.0698180049657821,0.9997206330299376,-0.0514722429215908,-0.4767491519451141,-0.2115417420864105,0.9999805092811584,0.1959680765867233,-0.350118488073349,0.0545588545501232,0.6023465394973755,-0.0831216722726821,-0.207457885146141,-0.2487996518611908,0.9963313937187196,0.1890217065811157,-0.4534280300140381,-0.0919424891471862,0.8087968826293945,-0.0041064019314944,-0.0124438619241118,-0.2450485676527023,0.9899634718894958,0.1723874509334564,-0.4856592714786529,-0.1200801953673362,0.7256090044975281,0.0008241492905654,0.0415334813296794,-0.2845864593982696,0.9784383177757264,0.1748838424682617,-0.5255220532417297,-0.1250676661729812,0.7148563861846924,0.0364288054406642,0.0346532873809337,-0.2849619686603546,0.9770810008049012,0.1821513175964355,-0.4758271872997284,-0.1019133329391479,0.6818724274635315,0.0146515807136893,-0.0013983901590108,-0.243767499923706,0.9672355651855468,0.0594278089702129,0.005920332390815,0.0859089493751525,0.9993358254432678,-0.0601340681314468,-0.0065645431168377,-0.085358127951622,0.9996536374092102,0.0406878180801868,0.3563545644283294,0.1904841959476471,0.6419837474822998,-0.0279592853039503,0.3803299367427826,-0.0890328660607338,0.9656638503074646,-0.0035023870877921,0.7247577905654907,0.2948518395423889,0.7750169634819031,-0.0180607549846172,0.7560012340545654,-0.0177336987107992,0.9684883952140808,-0.0007475189631804,0.772784411907196,0.2973576188087463,0.7471581697463989,-0.0124151315540075,0.7991763353347778,-0.018503526225686,0.8828164935112,0.1045019328594207,0.7920335531234741,0.212418183684349,0.8594347238540649,0.070394791662693,0.8391104936599731,-0.136107251048088,0.9676883220672609
0.2030328065156936,-0.5698044896125793,-0.130483329296112,0.9996908903121948,0.1983140408992767,-0.6091405749320984,-0.1211898997426033,0.9993374347686768,0.1978225857019424,-0.6091312766075134,-0.1229905411601066,0.9991847276687622,0.1983587741851806,-0.6094138622283936,-0.1208841279149055,0.9991366267204284,0.1866810768842697,-0.6103782653808594,-0.1551226526498794,0.9995442032814026,0.1890355348587036,-0.6111207008361816,-0.155210256576538,0.9995455741882324,0.1884063482284546,-0.610018253326416,-0.151459202170372,0.999647319316864,0.1238970831036567,-0.6329345107078552,-0.0361387208104133,0.9976057410240172,0.0765555575489997,-0.631461501121521,-0.1772367507219314,0.9997358322143556,0.1644962579011917,-0.5574861764907837,-0.1017856895923614,0.9995977878570556,0.1511684507131576,-0.5557318925857544,-0.1406271010637283,0.9998505115509032,0.1129669845104217,-0.4842497706413269,0.0712744817137718,0.9997199773788452,-0.0512584298849105,-0.4763038754463196,-0.2116202414035797,0.9999802708625792,0.1959317177534103,-0.3506088554859161,0.0572785250842571,0.5968698859214783,-0.0796822533011436,-0.207443356513977,-0.2488486319780349,0.9961919188499452,0.1869856268167495,-0.4538961052894592,-0.0907019898295402,0.8052704930305481,-0.0015151601983234,-0.012366309762001,-0.244939386844635,0.9895331263542176,0.1702962070703506,-0.4874098598957062,-0.1197552755475044,0.7211710214614868,0.0029782708734273,0.0410749837756156,-0.2846556603908539,0.9776307344436646,0.1726371198892593,-0.5275001525878906,-0.124040350317955,0.710142970085144,0.038115981966257,0.0340420976281166,-0.2848906219005584,0.9762076139450072,0.1802326291799545,-0.4766112864017486,-0.1006160452961921,0.6766676306724548,0.0168621931225061,-0.001384076080285,-0.2436164766550064,0.9659624099731444,0.059165459126234,0.005918669514358,0.0859816074371337,0.9993339776992798,-0.0598777048289775,-0.0065638865344226,-0.0854292139410972,0.9996497631072998,0.0406738184392452,0.3559990525245666,0.1888278573751449,0.6326503157615662,-0.0275811627507209,0.3804097175598144,-0.0881347507238388,0.9640394449234008,-0.0022501142229884,0.7245446443557739,0.2912586629390716,0.7694759964942932,-0.0179612226784229,0.7558474540710449,-0.0165706221014261,0.9670332074165344,0.0005199565785005,0.7725386023521423,0.2934926152229309,0.7444711327552795,-0.0123944235965609,0.7989845871925354,-0.0171587523072958,0.8810030221939087,0.1053451523184776,0.7918527126312256,0.2072682082653045,0.8561403751373291,0.0705405250191688,0.8389307260513306,-0.1346971094608307,0.9666229486465454
0.2021578997373581,-0.5662103891372681,-0.1307069212198257,0.9996727705001832,0.1981244385242462,-0.6056692004203796,-0.1213194504380226,0.9993067383766174,0.1976367086172104,-0.6056600213050842,-0.1231170520186424,0.99914813041687,0.198174238204956,-0.6059442758560181,-0.1210085526108741,0.9991012811660768,0.1859508901834488,-0.6070470809936523,-0.1551822125911712,0.9995244145393372,0.1883048266172409,-0.6077848672866821,-0.1552666425704956,0.9995258450508118,0.1876652091741562,-0.6067020297050476,-0.1515118330717086,0.9996325969696044,0.1246044263243675,-0.6315097212791443,-0.035247802734375,0.9974966049194336,0.0756607800722122,-0.6305142045021057,-0.1750416308641433,0.9997233748435974,0.1640594005584716,-0.5548338294029236,-0.1017984077334404,0.9995688199996948,0.1500386446714401,-0.5532387495040894,-0.1406099051237106,0.9998401403427124,0.1129574105143547,-0.4840063452720642,0.0741163864731788,0.9997090697288512,-0.0513186119496822,-0.4764414131641388,-0.2070834189653396,0.9999789595603944,0.1974919587373733,-0.3509826958179474,0.059425164014101,0.5939751863479614,-0.0755588039755821,-0.2082738429307937,-0.242250457406044,0.9959567189216614,0.1797970682382583,-0.4542122781276703,-0.0905113816261291,0.8015739321708679,-0.0003976932493969,-0.0124513795599341,-0.2374756634235382,0.988750696182251,0.1604938060045242,-0.4874554574489593,-0.1205687224864959,0.7163339853286743,0.0035339926835149,0.0405829399824142,-0.2788034379482269,0.9761775732040404,0.159638836979866,-0.5276160836219788,-0.1240551844239234,0.705076277256012,0.0382361002266407,0.0336856432259082,-0.2790591716766357,0.9746830463409424,0.1716848760843277,-0.4768327176570892,-0.1003951430320739,0.6712989807128906,0.0176701750606298,-0.0014554646331816,-0.2366780936717987,0.9639256596565248,0.0591531507670879,0.0060049365274608,0.0858978107571601,0.9993123412132264,-0.0598663128912448,-0.0066549805924296,-0.0853431969881057,0.9996303915977478,0.0402142889797687,0.3560450375080108,0.1764858514070511,0.6242499351501465,-0.0275334697216749,0.3808462619781494,-0.0876864418387413,0.9615041613578796,-0.0026581487618386,0.7274103760719299,0.2700129747390747,0.7644616961479187,-0.0178132131695747,0.7561530470848083,-0.0168209746479988,0.9653560519218444,-0.0001725660986267,0.775661051273346,0.2709024846553802,0.7406758069992065,-0.012360019609332,0.799291729927063,-0.01745749078691,0.8781530857086182,0.1030561104416847,0.7968173623085022,0.1793941557407379,0.853144109249115,0.0705305933952331,0.839278519153595,-0.1354105919599533,0.9654589891433716
0.2012245953083038,-0.5602120757102966,-0.1311092227697372,0.9996457099914552,0.1980155408382415,-0.5999230742454529,-0.1216667369008064,0.9992632269859314,0.1975306272506714,-0.5999162793159485,-0.1234603971242904,0.9990963935852052,0.1980689018964767,-0.6001973748207092,-0.1213466525077819,0.9990515112876892,0.1853070706129074,-0.6015845537185669,-0.15531687438488,0.9994953274726868,0.1876598596572876,-0.6023215055465698,-0.155394047498703,0.9994967579841614,0.1870105415582656,-0.6012576818466187,-0.1516329050064087,0.999610960483551,0.1268532574176788,-0.62908935546875,-0.034827847033739,0.9973565936088562,0.0754275694489479,-0.629087507724762,-0.1727050691843032,0.9997055530548096,0.1638064384460449,-0.5503285527229309,-0.1018776223063469,0.99953031539917,0.1491031795740127,-0.5490533709526062,-0.1405978202819824,0.9998251795768738,0.1139741316437721,-0.4837815761566162,0.0755339935421943,0.9996979832649232,-0.0513072423636913,-0.4767584502696991,-0.2017872333526611,0.9999775290489196,0.2040560692548751,-0.3513102531433105,0.0606117770075798,0.5934498310089111,-0.0696930736303329,-0.2095347195863723,-0.2331803292036056,0.9956825971603394,0.177125796675682,-0.4540138840675354,-0.0903974398970604,0.7983419895172119,0.0017268196679651,-0.0126655437052249,-0.2268119901418686,0.9877861142158508,0.1559354066848755,-0.4868513643741607,-0.1213845908641815,0.7116420269012451,0.0050396029837429,0.0399441048502922,-0.2686852216720581,0.9743879437446594,0.1523626148700714,-0.5273975133895874,-0.1240590810775756,0.7001386880874634,0.0387818403542041,0.0330886207520961,-0.2697502374649048,0.9728262424468994,0.1678133904933929,-0.4767405390739441,-0.1002208292484283,0.6660739183425903,0.019274653866887,-0.0016569551080465,-0.226641446352005,0.9615026116371156,0.0591550171375274,0.0060788956470787,0.0856852158904075,0.999281406402588,-0.059868436306715,-0.0067316484637558,-0.0851283222436904,0.9996024966239928,0.0399990789592266,0.356019377708435,0.1690967679023742,0.6151731014251709,-0.0268838331103324,0.3815203309059143,-0.085580326616764,0.9583525657653807,-0.0026728105731308,0.7287018895149231,0.2579625248908996,0.75871741771698,-0.0161687079817056,0.7561526298522949,-0.0167177896946668,0.9632790088653564,-0.0002227140212198,0.7770901918411255,0.258148729801178,0.736348032951355,-0.0110560236498713,0.7992725372314453,-0.0173744149506092,0.8745419979095459,0.1021851375699043,0.7994887232780457,0.1647184044122696,0.8497362732887268,0.0717043280601501,0.8392329812049866,-0.1353708654642105,0.9640421271324158
0.201113760471344,-0.5544845461845398,-0.1310801059007644,0.999642550945282,0.1982760727405548,-0.5942855477333069,-0.1216198951005935,0.9992586374282836,0.1977933943271637,-0.5942806005477905,-0.1234109997749328,0.9990916848182678,0.1983320415019989,-0.5945664644241333,-0.1212957426905632,0.9990505576133728,0.1854405552148819,-0.5957165956497192,-0.1552689224481582,0.9994946122169496,0.187793955206871,-0.5964426398277283,-0.1553430706262588,0.9994962811470032,0.1871420592069625,-0.5953843593597412,-0.1515793204307556,0.9996114373207092,0.1284210830926895,-0.6267880797386169,-0.0344823896884918,0.9973416924476624,0.0759719088673591,-0.6262415647506714,-0.1724697351455688,0.9997051954269408,0.1636765897274017,-0.5461751818656921,-0.1018345579504966,0.9995221495628356,0.1489034444093704,-0.5446619987487793,-0.1405363976955413,0.9998220205307008,0.113819234073162,-0.4835273921489715,0.0764602050185203,0.9996971487998962,-0.050498079508543,-0.4767730236053467,-0.2020345330238342,0.9999773502349854,0.204539954662323,-0.351591944694519,0.0628673732280731,0.5920819640159607,-0.0663106217980384,-0.2097444683313369,-0.2339095473289489,0.9955872893333436,0.1765097081661224,-0.4534431099891662,-0.0882612243294715,0.7952343225479126,0.0043108062818646,-0.0122964791953563,-0.2274810522794723,0.9873982667922974,0.1553243100643158,-0.4861390590667724,-0.1197026595473289,0.7070237994194031,0.0073700230568647,0.0400209315121173,-0.2693662047386169,0.973582684993744,0.151883989572525,-0.5266528725624084,-0.121971346437931,0.6953684091567993,0.0409721098840236,0.0333291143178939,-0.2701315283775329,0.971971035003662,0.1672358959913253,-0.476178377866745,-0.0979304984211921,0.6610630750656128,0.0217656604945659,-0.0011844842229038,-0.2271089255809784,0.960277497768402,0.0588680766522884,0.0061514587141573,0.085704393684864,0.9992715716362,-0.0595846585929393,-0.0068056397140026,-0.0851448848843574,0.9995922446250916,0.0393624491989612,0.3560172617435455,0.1671808958053589,0.6078102588653564,-0.0262349639087915,0.38285893201828,-0.084124632179737,0.9566006064414978,-0.002640260849148,0.7303294539451599,0.2551177740097046,0.7546497583389282,-0.0156395733356475,0.7572249174118042,-0.0166033022105693,0.9619004726409912,-0.000229088254855,0.7788602113723755,0.2551265358924866,0.7327380776405334,-0.0107794869691133,0.8003329038619995,-0.0172820910811424,0.8721951246261597,0.1019359976053237,0.8005135655403137,0.1623623520135879,0.8473110198974609,0.0717478394508361,0.839871883392334,-0.1351903825998306,0.9631662368774414
0.2008065432310104,-0.5501782298088074,-0.130613699555397,0.999640703201294,0.1983674764633178,-0.5900534391403198,-0.1211743280291557,0.9992557764053344,0.1978847831487655,-0.5900552868843079,-0.122957557439804,0.9990891218185424,0.1984233260154724,-0.5903438925743103,-0.1208386793732643,0.9990514516830444,0.1855154782533645,-0.5914028882980347,-0.1548041701316833,0.9994947910308838,0.1878695338964462,-0.5921255350112915,-0.1548725664615631,0.9994966387748718,0.1872172504663467,-0.5910635590553284,-0.1511040776968002,0.9996123313903807,0.1295056641101837,-0.6250548958778381,-0.0341002009809017,0.9973362684249878,0.0768721103668212,-0.6242091655731201,-0.1721271425485611,0.9997053146362304,0.1633752435445785,-0.5430229306221008,-0.1014631986618042,0.9995182752609252,0.1486183404922485,-0.541414201259613,-0.1400915086269378,0.9998204112052916,0.1135391518473625,-0.4835095405578613,0.0770629346370697,0.99969881772995,-0.0499946847558021,-0.4767866730690002,-0.2022239118814468,0.99997740983963,0.2053619772195816,-0.3517487347126007,0.0637279227375984,0.5911144614219666,-0.0646908804774284,-0.2099363058805465,-0.2344308346509933,0.9955052137374878,0.1764564961194992,-0.4535031318664551,-0.0875737592577934,0.7929442524909973,0.0049264691770076,-0.0119637623429298,-0.2275035232305526,0.9870437383651732,0.1552395820617675,-0.4861570000648498,-0.1190575882792472,0.7034382224082947,0.0077383746393024,0.0400741845369339,-0.269349992275238,0.9728493094444276,0.1518296152353286,-0.5266669988632202,-0.1209928914904594,0.6915927529335022,0.0411275662481784,0.0335443429648876,-0.2696720957756042,0.9711835384368896,0.1671756356954574,-0.4762406647205353,-0.0970698222517967,0.6570057272911072,0.0222329013049602,-0.0007574976189061,-0.2269111424684524,0.959130048751831,0.0585421808063983,0.006161403376609,0.0857624188065528,0.9992691278457642,-0.0592598654329776,-0.0068155126646161,-0.0851997584104538,0.9995872974395752,0.0392779447138309,0.3559439778327942,0.1663376837968826,0.6002102494239807,-0.025050176307559,0.384227842092514,-0.0834660455584526,0.955287516117096,-0.0023587169125676,0.7307723164558411,0.2540419399738312,0.7502999305725098,-0.014639088883996,0.7587133049964905,-0.0170407183468341,0.9606167674064636,-1.9333532691234723e-05,0.7793219089508057,0.2540672719478607,0.7296199798583984,-0.0100172236561775,0.8018144369125366,-0.0178429577499628,0.8702616691589355,0.1020111367106437,0.800650417804718,0.16292105615139,0.8445221185684204,0.0724406838417053,0.8408947587013245,-0.1353825181722641,0.962218463420868
0.2008494138717651,-0.5483505725860596,-0.1304239183664322,0.9996402263641356,0.1990270763635635,-0.588211178779602,-0.1210179403424263,0.999255120754242,0.1985472291707992,-0.5882093906402588,-0.1227993294596672,0.9990888833999634,0.199086531996727,-0.5884997844696045,-0.1206773519515991,0.999053716659546,0.1861206740140915,-0.5895257592201233,-0.1546262502670288,0.9994961023330688,0.188476100564003,-0.5902478098869324,-0.1546912044286728,0.9994979500770568,0.1878210753202438,-0.5891854166984558,-0.1509196162223816,0.9996139407157898,0.1311626732349395,-0.6237528324127197,-0.0339784510433673,0.9973198175430298,0.0783691629767417,-0.6228150725364685,-0.1719551980495453,0.9997050762176514,0.1633979380130767,-0.5413212776184082,-0.1013445556163787,0.9995117783546448,0.1486600637435913,-0.539677083492279,-0.1399184167385101,0.9998188018798828,0.1134874299168586,-0.4830171167850494,0.0773304104804992,0.9996992945671082,-0.0484079644083976,-0.4767933487892151,-0.2023754715919494,0.99997740983963,0.2052305936813354,-0.3520941436290741,0.0641561523079872,0.5896517634391785,-0.0644582584500312,-0.2100490927696228,-0.2348163574934005,0.995396375656128,0.1751748919486999,-0.4535643756389618,-0.087437704205513,0.7904325127601624,0.0045819161459803,-0.0121002877131104,-0.2275618016719818,0.9866338968276978,0.1543633937835693,-0.4861823916435241,-0.1189943701028823,0.6997703909873962,0.007422347087413,0.0395644344389438,-0.2693974375724792,0.9719952940940856,0.1513560861349105,-0.5266844034194946,-0.1208425760269165,0.687768816947937,0.0409337766468524,0.033242542296648,-0.269569844007492,0.9702743291854858,0.1661720126867294,-0.4763016402721405,-0.0969095453619957,0.6528649926185608,0.0219460669904947,-0.0008685135398991,-0.2268844544887542,0.9578091502189636,0.0582680813968181,0.0062057632021605,0.085869200527668,0.9992604851722716,-0.058988869190216,-0.0068606860004365,-0.0852999687194824,0.99958074092865,0.039472609758377,0.3560285866260528,0.1666564494371414,0.5910224914550781,-0.0243560895323753,0.3846706449985504,-0.0836262181401252,0.9537211656570436,7.141364767448977e-05,0.730902910232544,0.2560031712055206,0.7446833848953247,-0.0145749002695083,0.7596872448921204,-0.0190633591264486,0.9594497084617616,0.0024732118472456,0.7794156670570374,0.2562383711338043,0.725208580493927,-0.0100102601572871,0.802824079990387,-0.0201058126986026,0.8679303526878357,0.1047731041908264,0.8006389141082764,0.1657062321901321,0.8413261771202087,0.0724744349718093,0.8412628173828125,-0.1381546556949615,0.961547315120697
0.20196233689785,-0.5487827658653259,-0.1294489055871963,0.999646544456482,0.2007795870304107,-0.5886180400848389,-0.1201043874025344,0.9992675185203552,0.2003003060817718,-0.5886150002479553,-0.1218776777386665,0.9991033673286438,0.2008381336927414,-0.58890700340271,-0.1197536066174507,0.9990711808204652,0.1883139163255691,-0.589838981628418,-0.1539332866668701,0.9995067715644836,0.190674602985382,-0.5905609130859375,-0.1539977639913559,0.9995087385177612,0.1900170445442199,-0.5894961953163147,-0.1502232104539871,0.9996230602264404,0.1320623606443405,-0.6237567067146301,-0.0336678512394428,0.9973617196083068,0.0811425074934959,-0.6223718523979187,-0.1719923615455627,0.999711573123932,0.163987934589386,-0.5415018200874329,-0.100715234875679,0.9995172023773192,0.1497213095426559,-0.5397495627403259,-0.1394682824611663,0.9998212456703186,0.1129180490970611,-0.4830270111560821,0.0780000612139701,0.9997009038925172,-0.0452045463025569,-0.4768033921718597,-0.2041280269622802,0.9999777674674988,0.2036969065666198,-0.35395148396492,0.0681488215923309,0.5860897302627563,-0.0642900839447975,-0.210438847541809,-0.2373842895030975,0.9953733682632446,0.1740588992834091,-0.4540602564811706,-0.0786505788564682,0.7863166332244873,0.0043865777552127,-0.0121945403516292,-0.2280850112438202,0.9864742159843444,0.1535128057003021,-0.4867796897888183,-0.1086861044168472,0.6942569613456726,0.0071861729957163,0.0393211469054222,-0.2701046764850616,0.9716127514839172,0.1510978937149047,-0.5268738269805908,-0.1114723458886146,0.6821233630180359,0.04080331325531,0.0332088209688663,-0.269680380821228,0.9698398113250732,0.1654026359319687,-0.4766741394996643,-0.0883190929889679,0.6470925211906433,0.0217770356684923,-0.0009092583204619,-0.2271611839532852,0.9571058750152588,0.0576005093753337,0.0062404493801295,0.0862054154276847,0.9992626309394836,-0.0583294704556465,-0.0068954448215663,-0.0856241807341575,0.9995825290679932,0.0398754850029945,0.3560365438461303,0.1669021695852279,0.5844065546989441,-0.0238189194351434,0.385283350944519,-0.0832723528146743,0.9530978798866272,0.0018206681124866,0.7309614419937134,0.2574067115783691,0.7404561638832092,-0.0142242331057786,0.7609953880310059,-0.0189879015088081,0.9587638974189758,0.0042198812589049,0.779449999332428,0.2577880620956421,0.7221407890319824,-0.009752370417118,0.8041983842849731,-0.0200371406972408,0.8669744729995728,0.1071317121386528,0.8004095554351807,0.1677839457988739,0.8388335108757019,0.0728355944156646,0.8420668840408325,-0.1378111243247985,0.9611008167266846
0.2019523531198501,-0.5458844304084778,-0.1294412165880203,0.9996524453163148,0.201191172003746,-0.5857394933700562,-0.1201016306877136,0.9992793202400208,0.2007116079330444,-0.5857411623001099,-0.1218744218349456,0.99911767244339,0.2012482434511184,-0.5860376358032227,-0.1197501197457313,0.9990895986557008,0.1888104081153869,-0.5867513418197632,-0.1539394557476043,0.9995169043540956,0.1911736726760864,-0.5874662399291992,-0.1540038138628006,0.9995189309120178,0.1905176937580108,-0.5864022970199585,-0.1502293795347213,0.9996318221092224,0.1327816843986511,-0.6227163672447205,-0.0337893106043338,0.9974013566970824,0.0824663788080215,-0.620629072189331,-0.1725770235061645,0.9997175931930542,0.1639087498188018,-0.5395301580429077,-0.1007430329918861,0.9995219111442566,0.1497038453817367,-0.5375696420669556,-0.1395173072814941,0.9998226165771484,0.1113185137510299,-0.4830229878425598,0.0778645724058151,0.9997013807296752,-0.0446188598871231,-0.4767661988735199,-0.2062165141105651,0.9999778866767884,0.2010105550289154,-0.3551716208457947,0.0681499168276786,0.5827781558036804,-0.0642097815871238,-0.2105903327465057,-0.2397631406784057,0.9953594207763672,0.1721034198999405,-0.4550568461418152,-0.0784008726477623,0.7821064591407776,0.0041985637508332,-0.0119910705834627,-0.228555753827095,0.9863229990005492,0.1518897712230682,-0.4882373809814453,-0.1082150638103485,0.6886777877807617,0.006997212767601,0.0393828637897968,-0.2706511914730072,0.9712256193161012,0.1502614617347717,-0.5277836918830872,-0.1111458986997604,0.676468014717102,0.0406704731285572,0.0335378982126712,-0.2697910070419311,0.9694045186042786,0.1638922989368438,-0.4775831401348114,-0.0880661532282829,0.6413314342498779,0.0216123405843973,-0.0005821262020617,-0.2274359762668609,0.956394612789154,0.0570208542048931,0.0062530934810638,0.0862807482481002,0.999260187149048,-0.0577543154358863,-0.0069079175591468,-0.0856948718428611,0.9995793104171752,0.0398568026721477,0.3560060262680053,0.1644026190042495,0.5799039006233215,-0.0238125082105398,0.3860786557197571,-0.0803346261382103,0.9524863362312316,0.0019830383826047,0.7318225502967834,0.2539282441139221,0.7377417087554932,-0.0143035557121038,0.76216059923172,-0.01601118221879,0.957692801952362,0.0043088626116514,0.7803384065628052,0.2541176378726959,0.7192109227180481,-0.0099404584616422,0.8054066896438599,-0.0169845297932624,0.8650377988815308,0.1070725694298744,0.800578773021698,0.1645457595586776,0.8368536233901978,0.0719188228249549,0.843055784702301,-0.132767379283905,0.9602405428886414
0.2027962803840637,-0.54574054479599,-0.1293049156665802,0.9996527433395386,0.2029551267623901,-0.5855289101600647,-0.1199870333075523,0.9992794990539552,0.2024761736392974,-0.5855305790901184,-0.121757373213768,0.9991172552108764,0.2030112743377685,-0.5858278274536133,-0.1196325719356536,0.9990925192832948,0.1907035410404205,-0.5865740776062012,-0.1538571715354919,0.999519407749176,0.193068578839302,-0.587289035320282,-0.153922826051712,0.9995214343070984,0.1924121379852295,-0.5862241387367249,-0.1501482427120208,0.9996349215507508,0.1344884485006332,-0.6223838925361633,-0.0337834134697914,0.9973998665809632,0.0848519727587699,-0.6203367114067078,-0.1727266162633896,0.999719500541687,0.1644136309623718,-0.5392873883247375,-0.1007009148597717,0.9995191693305968,0.1504250913858413,-0.5373634099960327,-0.1394919753074646,0.9998216032981871,0.1112875938415527,-0.4829502403736114,0.077822558581829,0.9996976256370544,-0.0433710403740406,-0.4769211113452911,-0.2072352617979049,0.9999778866767884,0.1991186887025833,-0.3563555777072906,0.0682312548160553,0.5786779522895813,-0.0644630715250969,-0.212125688791275,-0.2414337247610092,0.9953293800354004,0.1709445714950561,-0.4567863643169403,-0.0778179243206977,0.7780025601387024,0.0039014518260955,-0.0124173210933804,-0.2297395318746566,0.9861926436424256,0.1509016007184982,-0.4903194308280945,-0.107420414686203,0.6834357380867004,0.0064094858244061,0.0389408469200134,-0.2719731330871582,0.9709033370018004,0.149998053908348,-0.5294474363327026,-0.1105730235576629,0.6712023615837097,0.0403736606240272,0.0334568694233894,-0.2706202864646911,0.9690382480621338,0.1630911827087402,-0.4792844355106354,-0.087534561753273,0.6360121965408325,0.0213348735123872,-0.000811708101537,-0.2284345626831054,0.9557868242263794,0.0568523593246936,0.0062753441743552,0.0863003060221672,0.9992555975914,-0.0575890466570854,-0.0069303410127758,-0.0857121869921684,0.9995756149291992,0.0409034453332424,0.3555410802364349,0.1627786308526992,0.5762531757354736,-0.0239079520106315,0.386769562959671,-0.0779735967516899,0.951853096485138,0.0045473566278815,0.7314954996109009,0.2535481750965118,0.7347387671470642,-0.0143666546791791,0.7627100944519043,-0.0120775494724512,0.9566047191619872,0.0068269940093159,0.7799460291862488,0.2538862228393554,0.715820848941803,-0.0100531559437513,0.8059399127960205,-0.0128669273108243,0.8626769185066223,0.1091988235712051,0.7995516061782837,0.1646235138177871,0.8347087502479553,0.0711848512291908,0.8434840440750122,-0.1280141025781631,0.959351658821106
0.203110471367836,-0.5457842946052551,-0.1293688416481018,0.999642848968506,0.2038447558879852,-0.5855194330215454,-0.1200488805770874,0.9992598295211792,0.203366607427597,-0.5855215787887573,-0.1218180954456329,0.9990933537483216,0.2039022743701934,-0.5858182907104492,-0.1196934133768081,0.9990710020065308,0.1914416551589965,-0.5866358280181885,-0.1539218127727508,0.9995086193084716,0.1938060820102691,-0.5873517990112305,-0.1539894491434097,0.999511182308197,0.1931493431329727,-0.5862865447998047,-0.150214746594429,0.9996281862258912,0.1357642114162445,-0.6222289800643921,-0.0338008031249046,0.9973279237747192,0.0854799896478653,-0.6203441023826599,-0.1728182435035705,0.9997141361236572,0.1646396517753601,-0.5392387509346008,-0.1007687598466873,0.9995035529136658,0.150612398982048,-0.5373862981796265,-0.139557346701622,0.9998158812522888,0.111411228775978,-0.4829077422618866,0.0777783393859863,0.9996899366378784,-0.0433549992740154,-0.4774931669235229,-0.207488015294075,0.9999775886535645,0.1984864473342895,-0.3566958606243133,0.0682378336787223,0.5747546553611755,-0.065251924097538,-0.2143736779689788,-0.2419991344213485,0.995285987854004,0.1700852364301681,-0.4568794965744018,-0.0778592005372047,0.7740836143493652,0.0025848397053778,-0.0130592472851276,-0.2308956533670425,0.986013889312744,0.149955153465271,-0.4903663098812103,-0.1075087636709213,0.6786056160926819,0.004817462991923,0.0384681224822998,-0.2733234763145447,0.970504879951477,0.1495483517646789,-0.5294886827468872,-0.1107034161686897,0.6664136052131653,0.0393579453229904,0.033258706331253,-0.2716672420501709,0.9686009287834167,0.1623867750167846,-0.4793802797794342,-0.0875915512442588,0.6311873197555542,0.0201802477240562,-0.0012495197588577,-0.2295024245977401,0.9551118612289428,0.0568418577313423,0.0063271196559071,0.0862948074936866,0.9992436766624452,-0.0575786046683788,-0.0069833770394325,-0.0857055112719535,0.9995658993721008,0.040919441729784,0.3555617034435272,0.1609888672828674,0.5725411176681519,-0.0238988753408193,0.3868820667266845,-0.0767917037010192,0.9507222175598145,0.0048065069131553,0.7317416667938232,0.2510752379894256,0.7315152287483215,-0.0142830917611718,0.762626051902771,-0.010401944629848,0.9549944400787354,0.0070446934551,0.7801682353019714,0.2513458430767059,0.7118366956710815,-0.0100017916411161,0.805823802947998,-0.01111641805619,0.8592763543128967,0.1091294586658477,0.7995426058769226,0.1618007719516754,0.8321442604064941,0.0710699260234832,0.8433063626289368,-0.1259090304374694,0.9580160975456238
0.2041159123182296,-0.5460816025733948,-0.1291211545467376,0.9996377825737,0.205106571316719,-0.5858039855957031,-0.1198102682828903,0.9992501735687256,0.2046246379613876,-0.5858063101768494,-0.1215763986110687,0.9990817904472352,0.2051587253808975,-0.5861024260520935,-0.1194547340273857,0.9990617632865906,0.192771628499031,-0.586939811706543,-0.153718501329422,0.999502420425415,0.1951358914375305,-0.5876570343971252,-0.1537892371416092,0.9995049238204956,0.1944812536239624,-0.586590588092804,-0.1500149071216583,0.9996241927146912,0.1367779672145843,-0.6222646832466125,-0.0336789786815643,0.9973058104515076,0.0867292061448097,-0.6203957796096802,-0.1728288382291793,0.999711573123932,0.1654716581106186,-0.5393937230110168,-0.1005754321813583,0.999499499797821,0.1515646129846573,-0.5375515818595886,-0.139386311173439,0.9998137354850768,0.1118673682212829,-0.4830389618873596,0.0777887478470802,0.9996886253356934,-0.0432015508413314,-0.4777063131332397,-0.2075296342372894,0.99997740983963,0.1986011266708374,-0.3569887280464172,0.0682735294103622,0.5714597105979919,-0.0654291361570358,-0.2150587290525436,-0.2420336008071899,0.9952422380447388,0.1700958013534546,-0.4570369720458984,-0.0777464732527732,0.7713689208030701,0.0025060479529201,-0.0135484458878636,-0.2310929894447326,0.9858758449554444,0.1498116105794906,-0.4904478788375854,-0.1073269620537757,0.6753197312355042,0.0047388048842549,0.0379185080528259,-0.2734524309635162,0.9702346920967102,0.1494648605585098,-0.5296493768692017,-0.1105001121759414,0.6630505323410034,0.0392953567206859,0.03284353017807,-0.2717895805835724,0.968291699886322,0.162369892001152,-0.4795681536197662,-0.0874262526631355,0.6276705861091614,0.0201064590364694,-0.0017010004958137,-0.2297011762857437,0.9546183347702026,0.0568424239754676,0.0063358838669955,0.0862598270177841,0.9992450475692748,-0.0575786232948303,-0.0069923801347613,-0.085671029984951,0.9995623826980592,0.0410333462059497,0.3555000722408294,0.1611205786466598,0.5722623467445374,-0.0241855047643184,0.3868201673030853,-0.0753417462110519,0.9504870772361756,0.0047646006569266,0.7317503094673157,0.2512740194797516,0.7315113544464111,-0.013529585674405,0.7615302205085754,-0.0069075054489076,0.9540891647338868,0.0069808703847229,0.7801748514175415,0.2515874207019806,0.7114973664283752,-0.0090469811111688,0.8045799732208252,-0.0073303082026541,0.8579592108726501,0.1088539436459541,0.7995402812957764,0.1621577739715576,0.8316505551338196,0.0715246051549911,0.8428909778594971,-0.1212943121790885,0.9571444392204284
0.2052911967039108,-0.546275794506073,-0.1288089454174041,0.9996330738067628,0.206349030137062,-0.5859985947608948,-0.1195200160145759,0.9992406368255616,0.2058643996715545,-0.5860000848770142,-0.1212843582034111,0.9990703463554382,0.206398531794548,-0.5862960815429688,-0.1191651225090026,0.9990512132644652,0.1940260976552963,-0.5871198773384094,-0.1534240543842315,0.999496042728424,0.1963902562856674,-0.587838351726532,-0.1534986495971679,0.9994984269142152,0.1957358568906784,-0.5867714881896973,-0.1497233808040619,0.999619722366333,0.1379712969064712,-0.6222924590110779,-0.0334955491125583,0.9972822070121764,0.0879517421126365,-0.6205537915229797,-0.1727313697338104,0.9997087717056274,0.1666144579648971,-0.5394905209541321,-0.1003131419420242,0.999495804309845,0.1527686417102813,-0.5376221537590027,-0.1391009241342544,0.9998123049736024,0.1131407022476196,-0.4830404818058014,0.0778459832072258,0.9996873736381532,-0.0427450723946094,-0.4781114161014557,-0.2075078040361404,0.9999773502349854,0.1992208808660507,-0.3570417463779449,0.0682886615395546,0.569376528263092,-0.0655374899506568,-0.2164605855941772,-0.2420136481523513,0.9952035546302797,0.1702165156602859,-0.4570875167846679,-0.0777544677257537,0.7697112560272217,0.0024252117145806,-0.0142270335927605,-0.2312233746051788,0.9857524633407592,0.1498311460018158,-0.4904641807079315,-0.1073426231741905,0.6732039451599121,0.0046656709164381,0.0373204909265041,-0.2734961807727813,0.9699856638908386,0.1494884639978408,-0.5297166705131531,-0.1104693636298179,0.6608355045318604,0.0392427295446395,0.0324380435049533,-0.2717763185501098,0.9680047035217284,0.1624605059623718,-0.4796447455883026,-0.0873980745673179,0.6252628564834595,0.0200327858328819,-0.0022786965128034,-0.2297991514205932,0.9541667699813844,0.0568691045045852,0.0063599934801459,0.0862336233258247,0.9992448091506958,-0.0576039776206016,-0.0070171640254557,-0.0856450423598289,0.999558687210083,0.0413945652544498,0.3555638492107391,0.1612453907728195,0.5720109939575195,-0.0242530889809131,0.3867078423500061,-0.0753949880599975,0.950358748435974,0.0047189574688673,0.7318727374076843,0.2516439259052276,0.7315967679023743,-0.0122979879379272,0.7608928084373474,-0.0069903908297419,0.95352303981781,0.0069251535460352,0.7802952527999878,0.2520034611225128,0.7112938761711121,-0.0075605097226798,0.8038688898086548,-0.0074256383813917,0.8571276664733887,0.1087926402688026,0.7997303605079651,0.1626140624284744,0.8312464356422424,0.0727675780653953,0.8426581025123596,-0.1216325089335441,0.9565669298171996
0.2051681280136108,-0.5463631749153137,-0.1285131275653839,0.999626100063324,0.2063020318746566,-0.5860902667045593,-0.1192380785942077,0.9992281198501588,0.205816850066185,-0.5860933661460876,-0.1210017353296279,0.9990559220314026,0.2063505053520202,-0.5863888263702393,-0.1188840791583061,0.9990382790565492,0.193923607468605,-0.5872422456741333,-0.1530764102935791,0.9994871616363524,0.1962874680757522,-0.5879603028297424,-0.1531511396169662,0.9994894862174988,0.1956331580877304,-0.5868931412696838,-0.1493738442659378,0.9996129274368286,0.1379661858081817,-0.6223209500312805,-0.0330706089735031,0.9972547292709352,0.0878932476043701,-0.620604932308197,-0.1720943748950958,0.9997037649154664,0.1665575355291366,-0.5395640134811401,-0.0999807715415954,0.9994889497756958,0.1526516526937484,-0.5377209782600403,-0.1386583894491195,0.9998092651367188,0.1133844628930091,-0.4833141565322876,0.0779691264033317,0.9996870160102844,-0.0429300293326377,-0.4783812463283539,-0.2065991908311844,0.9999769926071168,0.2016250491142273,-0.3582574129104614,0.0680206194519996,0.5704649090766907,-0.0656458809971809,-0.2175082415342331,-0.2408639192581176,0.9951321482658386,0.1702738106250763,-0.457369714975357,-0.0789791569113731,0.7693630456924438,0.0024577444419264,-0.0147010097280144,-0.230184406042099,0.9855112433433532,0.1497564911842346,-0.4905470609664917,-0.1089076027274131,0.6722305417060852,0.0047391545958817,0.0369532071053981,-0.2722425162792206,0.9695180058479308,0.1490928381681442,-0.5298848748207092,-0.1115385740995407,0.6597347855567932,0.0392668060958385,0.0321080684661865,-0.2704875767230987,0.967500865459442,0.1624666005373001,-0.4799387454986572,-0.0883922278881073,0.6239305734634399,0.0200536362826824,-0.0027210300322622,-0.2287203967571258,0.9534468054771424,0.0569169148802757,0.0063684214837849,0.0861572176218032,0.9992445707321168,-0.0576485581696033,-0.0070259058848023,-0.0855691507458686,0.9995543360710144,0.0413874126970768,0.3558218479156494,0.160972312092781,0.5714131593704224,-0.0238812491297721,0.3867459297180176,-0.0755818411707878,0.9500048756599426,0.0046789064072072,0.7323856353759766,0.2506588995456695,0.7315161228179932,-0.0109330946579575,0.760873556137085,-0.0076340697705745,0.952988624572754,0.0068773697130382,0.7808318734169006,0.2508996427059173,0.7106544375419617,-0.0061968490481376,0.8038466572761536,-0.0081011010333895,0.8563369512557983,0.1087020635604858,0.8006113171577454,0.1608886420726776,0.8308705687522888,0.0739936903119087,0.8428270220756531,-0.1224307641386985,0.956104040145874
0.2049255520105362,-0.5464378595352173,-0.1282056719064712,0.999625027179718,0.2060958594083786,-0.5861741304397583,-0.1189345717430114,0.999226689338684,0.2056091576814651,-0.5861786603927612,-0.1206960752606391,0.999054789543152,0.2061419934034347,-0.5864738821983337,-0.1185798272490501,0.9990386962890624,0.1936995983123779,-0.5873310565948486,-0.1527760773897171,0.999485969543457,0.1960637718439102,-0.5880483984947205,-0.152852714061737,0.9994882941246032,0.1954114437103271,-0.5869807600975037,-0.1490746438503265,0.9996119737625122,0.1378290057182312,-0.6223465204238892,-0.0327686592936515,0.9972647428512572,0.087686076760292,-0.6206406354904175,-0.1719103902578354,0.9997033476829528,0.1663441956043243,-0.5396293997764587,-0.0996877178549766,0.999489724636078,0.1524284034967422,-0.5377918481826782,-0.1383502036333084,0.9998087882995604,0.1132804900407791,-0.4836379587650299,0.0780615136027336,0.9996877312660216,-0.0431025400757789,-0.4784282445907593,-0.2064589262008667,0.9999768137931824,0.202356219291687,-0.359514445066452,0.0678593292832374,0.5711423754692078,-0.0657306388020515,-0.217858538031578,-0.2407505810260772,0.9951017498970032,0.1702443659305572,-0.4576698243618011,-0.0794015377759933,0.768586277961731,0.0024105575866997,-0.0148513643071055,-0.2300094664096832,0.9853722453117372,0.1493145227432251,-0.4906493127346039,-0.1093215122818946,0.6707112789154053,0.0046971929259598,0.0368185304105281,-0.2719578444957733,0.9692240953445436,0.1482316255569458,-0.5300049185752869,-0.1117855682969093,0.6580714583396912,0.0391477905213832,0.0320142544806003,-0.2700666785240173,0.967172145843506,0.1622695475816726,-0.4802041351795196,-0.0887039750814437,0.6220865845680237,0.0199709590524435,-0.0028545258101075,-0.2284733057022094,0.95295512676239,0.0568917319178581,0.0063752140849828,0.0861077159643173,0.9992477893829346,-0.0576219223439693,-0.0070329974405467,-0.0855196267366409,0.999553084373474,0.0407177098095417,0.3560822010040283,0.1605053395032882,0.571875810623169,-0.0236762128770351,0.3867902159690857,-0.0756278336048126,0.9499781727790833,0.0035245763137936,0.7333876490592957,0.2488456517457962,0.7323103547096252,-0.0105024762451648,0.7609261870384216,-0.0077569116838276,0.952634572982788,0.0055857328698039,0.7818973064422607,0.2489018738269806,0.71076899766922,-0.0058096116408705,0.8039102554321289,-0.0082289231941103,0.856126070022583,0.1068132743239402,0.8017091751098633,0.1587356030941009,0.8308975696563721,0.0741802975535392,0.8432576060295105,-0.1226619109511375,0.9556840658187866
0.2038951367139816,-0.5453048348426819,-0.1274771839380264,0.9996199011802672,0.2054169028997421,-0.585131824016571,-0.1182583943009376,0.999219000339508,0.2049287110567093,-0.5851427316665649,-0.1200157552957534,0.999046266078949,0.2054591923952102,-0.5854388475418091,-0.1179005280137062,0.999032974243164,0.192979484796524,-0.5862191915512085,-0.152105912566185,0.9994801878929138,0.1953443884849548,-0.586932361125946,-0.1521822214126587,0.999482274055481,0.1946956068277359,-0.5858650207519531,-0.148402914404869,0.9996076226234436,0.1375207304954528,-0.622220516204834,-0.032245073467493,0.997249186038971,0.0872459709644317,-0.6203355193138123,-0.1715039759874344,0.9997000098228456,0.1653824597597122,-0.5390401482582092,-0.0990248024463653,0.9994843006134032,0.1514472365379333,-0.5371381640434265,-0.1376702785491943,0.9998053312301636,0.1123102679848671,-0.4840823113918304,0.0782337263226509,0.9996870160102844,-0.0437297560274601,-0.4784447848796844,-0.2061602920293808,0.999976396560669,0.2022679299116134,-0.3604074716567993,0.0677284598350524,0.5697566270828247,-0.0658771842718124,-0.2180606722831726,-0.2403357326984405,0.995042622089386,0.1694576740264892,-0.4577532112598419,-0.0801214501261711,0.7661094069480896,0.0021194703876972,-0.0151896122843027,-0.2289312481880188,0.9851153492927552,0.1481692641973495,-0.490654855966568,-0.1100282296538353,0.6675118207931519,0.0044626640155911,0.0364355146884918,-0.2705746293067932,0.9686989784240724,0.146692469716072,-0.5299981236457825,-0.1123554036021232,0.6547733545303345,0.0386894457042217,0.0316416285932064,-0.2685111463069916,0.966602385044098,0.1612470895051956,-0.4802460670471191,-0.0893304720520973,0.6186773777008057,0.0196008328348398,-0.0032062160316854,-0.2272835373878479,0.9521315097808838,0.0568284057080745,0.0063576810061931,0.0860675871372222,0.9992464184761048,-0.0575566850602626,-0.007015730254352,-0.0854789838194847,0.9995482563972472,0.0403889790177345,0.35612553358078,0.1585745513439178,0.5702936053276062,-0.0234561301767826,0.387311577796936,-0.0754208117723465,0.9494317173957824,0.003301789285615,0.7341370582580566,0.2431501597166061,0.7316109538078308,-0.0097856344655156,0.761335551738739,-0.0078270398080348,0.9516648054122924,0.0053165960125625,0.7826852202415466,0.2427092343568802,0.7095223069190979,-0.0051380754448473,0.8043268918991089,-0.0083271749317646,0.8547196388244629,0.106222353875637,0.8022190928459167,0.152380421757698,0.8299369215965271,0.0746389776468277,0.8439468741416931,-0.1228741630911827,0.9547783732414246
0.203925684094429,-0.5452238917350769,-0.1272828429937362,0.9996237754821776,0.2055149525403976,-0.5850268006324768,-0.1180773302912712,0.9992282390594482,0.2050249129533767,-0.5850409269332886,-0.1198303923010826,0.9990573525428772,0.205554261803627,-0.5853362679481506,-0.1177176758646965,0.999046266078949,0.1930779963731765,-0.586130678653717,-0.1519252061843872,0.999486207962036,0.1954431980848312,-0.5868427753448486,-0.1520026624202728,0.9994881749153136,0.1947948038578033,-0.5857755541801453,-0.1482248306274414,0.99961256980896,0.1376476734876632,-0.6222350001335144,-0.0321168191730976,0.997292459011078,0.0873776823282241,-0.6203585267066956,-0.1714645773172378,0.999704122543335,0.1653958708047866,-0.5390432476997375,-0.0988575592637062,0.9994913935661316,0.1514733135700225,-0.5371571183204651,-0.1375150382518768,0.9998067021369934,0.1122303158044815,-0.4845068454742431,0.0782449319958686,0.9996866583824158,-0.0437616445124149,-0.4788569211959839,-0.2061617523431778,0.999976396560669,0.2017170935869217,-0.3610465824604034,0.0677254572510719,0.5670938491821289,-0.0663062557578086,-0.2188299745321273,-0.2404586374759674,0.9950659275054932,0.1694738119840622,-0.4579300284385681,-0.0801472142338752,0.7635635733604431,0.0020801522769033,-0.0161851178854703,-0.2294573485851287,0.9851723313331604,0.148181140422821,-0.4907297790050506,-0.1100381165742874,0.664879322052002,0.0044174510985612,0.035289853811264,-0.2712596952915191,0.9687837958335876,0.1468501091003418,-0.5300340056419373,-0.1123917177319526,0.6521658897399902,0.0386796109378337,0.0305680427700281,-0.2688754796981811,0.9666710495948792,0.161276713013649,-0.4803801476955414,-0.0893586128950119,0.6162213683128357,0.0195567328482866,-0.0042022792622447,-0.2276951819658279,0.9522237181663512,0.0567570365965366,0.0063561694696545,0.085898645222187,0.999250829219818,-0.0574836917221546,-0.0070141614414751,-0.0853107422590255,0.9995490312576294,0.0387798212468624,0.3555457293987274,0.1556517928838729,0.5731727480888367,-0.0238963961601257,0.3878476023674011,-0.0726826190948486,0.9498353600502014,-0.0016497169854119,0.7340397834777832,0.2394665777683258,0.7330670356750488,-0.0084602404385805,0.7614426016807556,-0.0035273819230496,0.9514498114585876,-0.0004742248274851,0.7825992107391357,0.2390762269496917,0.7103098034858704,-0.0035703983157873,0.8044261336326599,-0.0037344540469348,0.855292558670044,0.0965717956423759,0.8022207617759705,0.1492277830839157,0.8301151394844055,0.0749523267149925,0.8446664214134216,-0.1157781854271888,0.9543071985244752
0.2037704437971115,-0.5437159538269043,-0.1263256967067718,0.9996234178543092,0.2054942846298217,-0.5835185647010803,-0.1172047704458236,0.999229609966278,0.2050042897462844,-0.5835372805595398,-0.1189548149704933,0.9990590214729308,0.2055337280035019,-0.5838342905044556,-0.1168433651328086,0.999051034450531,0.1930543482303619,-0.5846038460731506,-0.1510464251041412,0.9994866847991944,0.1954194158315658,-0.5853126645088196,-0.1511241346597671,0.9994881749153136,0.1947710216045379,-0.5842481255531311,-0.1473467797040939,0.9996131062507628,0.1376499682664871,-0.6218326687812805,-0.0314499512314796,0.9973004460334778,0.0873472541570663,-0.619924008846283,-0.1709096580743789,0.9997044205665588,0.1651956290006637,-0.5381209254264832,-0.0980088785290718,0.999489426612854,0.1512965559959411,-0.5362379550933838,-0.1366806030273437,0.9998043179512024,0.1116087660193443,-0.4845245778560638,0.0785112679004669,0.9996833205223083,-0.0437852405011653,-0.4790524542331695,-0.2059031724929809,0.9999760389328004,0.2003628462553024,-0.3612581193447113,0.0677458867430687,0.5645435452461243,-0.0666688606142997,-0.2195783108472824,-0.240452766418457,0.9950692057609558,0.1694313436746597,-0.4578823745250702,-0.0804445445537567,0.7608051896095276,0.0019101565703749,-0.0166985020041465,-0.2295230776071548,0.9851584434509276,0.14822319149971,-0.4905576705932617,-0.1103136464953422,0.6618008613586426,0.0043240739032626,0.0347814187407493,-0.2713154554367065,0.968684732913971,0.1471228897571563,-0.5295658707618713,-0.1128799617290496,0.6491718292236328,0.0386496521532535,0.0301911607384681,-0.268938809633255,0.9665518403053284,0.1612873673439026,-0.4802518188953399,-0.0897474437952041,0.6134068965911865,0.0194570887833833,-0.0046507478691637,-0.2277568578720092,0.9520313143730164,0.0565858669579029,0.0063653127290308,0.0857629477977752,0.9992417693138124,-0.057310651987791,-0.0070237652398645,-0.0851721987128257,0.9995399117469788,0.0379971452057361,0.3551139831542969,0.1512667834758758,0.5728184580802917,-0.0242334138602018,0.387974739074707,-0.0721828490495681,0.9493973851203918,-0.0029711464885622,0.7340911626815796,0.2323703020811081,0.7322433590888977,-0.0078753316774964,0.7614838480949402,-0.0035819041077047,0.9505276679992676,-0.0020189164206385,0.7826553583145142,0.2316620051860809,0.7080193758010864,-0.0029683429747819,0.804458498954773,-0.0038326187059283,0.8537108302116394,0.0939605459570884,0.8022362589836121,0.1411725282669067,0.8288338780403137,0.0749586895108223,0.8447074294090271,-0.115773044526577,0.9533751606941224
0.2037466913461685,-0.5437877178192139,-0.1255933195352554,0.999627411365509,0.2054594755172729,-0.5835834741592407,-0.1165410131216049,0.999237298965454,0.2049687504768371,-0.5836024880409241,-0.1182863786816597,0.9990682601928712,0.2054977566003799,-0.583899199962616,-0.1161794364452362,0.9990612268447876,0.193032220005989,-0.5846660137176514,-0.1504224240779876,0.9994913935661316,0.1953972429037094,-0.5853750705718994,-0.1505051255226135,0.9994925260543824,0.194748967885971,-0.5843098163604736,-0.1467295289039611,0.9996167421340942,0.1374709457159042,-0.6218442320823669,-0.0312556810677051,0.9973310232162476,0.0873405784368515,-0.6199037432670593,-0.1708566397428512,0.9997081160545348,0.1651333421468734,-0.5381569862365723,-0.097483605146408,0.9994969964027404,0.1512873172760009,-0.5362762808799744,-0.1361939907073974,0.9998065233230592,0.1110264807939529,-0.4846804440021515,0.0785288140177726,0.999684512615204,-0.0438974872231483,-0.4790739119052887,-0.2059323042631149,0.9999761581420898,0.1977537274360656,-0.3613033294677734,0.0677378475666046,0.5608908534049988,-0.0709653869271278,-0.2196559160947799,-0.2407864779233932,0.995111346244812,0.1692647486925125,-0.4578983187675476,-0.0804834365844726,0.7581589221954346,-0.0003923740587197,-0.01718270778656,-0.2302833199501037,0.9852742552757264,0.1481971740722656,-0.4905246794223785,-0.1103349924087524,0.659186840057373,0.0026174155063927,0.0341298356652259,-0.2721011638641357,0.968858003616333,0.147261843085289,-0.5294468998908997,-0.1129337325692176,0.646553635597229,0.0375998318195343,0.0294285472482442,-0.2693109512329101,0.9667062163352966,0.1612584143877029,-0.4802404046058655,-0.0898147299885749,0.6108691096305847,0.0175049416720867,-0.0052201375365257,-0.2283036112785339,0.9522056579589844,0.056511502712965,0.0063519123941659,0.0856465771794319,0.9992448687553406,-0.0572360903024673,-0.0070108729414641,-0.0850561037659645,0.999541163444519,0.0373687669634819,0.3546290695667267,0.1511248499155044,0.5745615363121033,-0.0258609801530838,0.3880062103271484,-0.071687676012516,0.9497557282447816,-0.005227502901107,0.7337765693664551,0.233305275440216,0.7330402135848999,-0.0079496437683701,0.7614685893058777,-0.0024194607976824,0.9502038955688475,-0.0044681397266685,0.7823330163955688,0.2327810376882553,0.708674967288971,-0.0030008638277649,0.8044394254684448,-0.0025869000237435,0.8539568781852722,0.0909532308578491,0.8020109534263611,0.1426752209663391,0.8286203742027283,0.0744519084692001,0.844862699508667,-0.1138272881507873,0.9528270959854126
0.2034488320350647,-0.5434693098068237,-0.1251156777143478,0.9996313452720642,0.2051853537559509,-0.5833562016487122,-0.1161863431334495,0.9992470741271972,0.2046933770179748,-0.5833777189254761,-0.1179371550679206,0.999079704284668,0.2052174508571624,-0.5836732983589172,-0.1158265620470047,0.9990725517272948,0.1927798837423324,-0.5844247341156006,-0.1500614136457443,0.999497413635254,0.1951451301574707,-0.5851357579231262,-0.1501467078924179,0.999498724937439,0.1945029199123382,-0.584070086479187,-0.1463793218135833,0.9996216893196106,0.1372374147176742,-0.6218599081039429,-0.0312386415898799,0.9973604083061218,0.0871986374258995,-0.6199160814285278,-0.170931339263916,0.9997133016586304,0.1647830754518509,-0.5380141735076904,-0.0972108095884323,0.9995031356811525,0.1510055661201477,-0.5361272692680359,-0.135977640748024,0.999808430671692,0.1106828674674034,-0.4846824109554291,0.0770328044891357,0.9996827840805054,-0.0449582859873771,-0.479106068611145,-0.2064974755048751,0.9999764561653136,0.1929573118686676,-0.3604861497879028,0.0661631524562835,0.5596576929092407,-0.0743932798504829,-0.2196603417396545,-0.2420417666435241,0.9952309727668762,0.1687647849321365,-0.4564062356948852,-0.0805180817842483,0.757444441318512,-0.0026570463087409,-0.0174503196030855,-0.2313446700572967,0.9857010841369628,0.1480472981929779,-0.486714631319046,-0.1097158640623092,0.6579868793487549,0.0010759767610579,0.0342171043157577,-0.2723597884178161,0.969580054283142,0.1473218947649002,-0.5247127413749695,-0.1129685342311859,0.6455531716346741,0.0368429943919181,0.0295156501233577,-0.2701044082641601,0.9674779176712036,0.1610036641359329,-0.4781804382801056,-0.0899158269166946,0.6102778315544128,0.0158532746136188,-0.0054094959050416,-0.2293636500835418,0.9533060193061828,0.056532759219408,0.0063021164387464,0.0856181979179382,0.9992384910583496,-0.0572574026882648,-0.0069594257511198,-0.0850268378853797,0.999540150165558,0.0369747318327426,0.3544243276119232,0.151025041937828,0.5842030048370361,-0.0266147255897521,0.3901049196720123,-0.0709700509905815,0.9514732956886292,-0.005782101303339,0.7342017292976379,0.2318358570337295,0.7384913563728333,-0.0079612340778112,0.7637962102890015,-0.0025756717659533,0.9512402415275574,-0.0049669756554067,0.7828893661499023,0.2308692932128906,0.7093655467033386,-0.0030066843610256,0.8068110942840576,-0.0027829129248857,0.8536847829818726,0.0908212587237358,0.8020734786987305,0.1416708528995514,0.8316915035247803,0.0741443783044815,0.846550703048706,-0.1140936315059661,0.9534335732460022
0.2027461379766464,-0.5421594977378845,-0.1250263601541519,0.9996343851089478,0.204597607254982,-0.5821316838264465,-0.1161099299788475,0.9992535710334778,0.2041037231683731,-0.5821572542190552,-0.117857925593853,0.9990878105163574,0.204628050327301,-0.5824532508850098,-0.1157481372356414,0.9990830421447754,0.192293182015419,-0.5830634832382202,-0.1499952226877212,0.999501407146454,0.1946587860584259,-0.583773672580719,-0.1500811576843261,0.9995023012161256,0.1940194815397262,-0.5827080607414246,-0.1463142484426498,0.9996249675750732,0.1367577761411667,-0.6215333342552185,-0.0312280897051095,0.997378408908844,0.0870768129825592,-0.619145393371582,-0.1709847748279571,0.9997156262397766,0.1640962213277816,-0.5371479392051697,-0.097169816493988,0.9995072484016418,0.1504760682582855,-0.5351329445838928,-0.1359426975250244,0.9998087286949158,0.1088970154523849,-0.484691172838211,0.0770475268363952,0.9996826648712158,-0.0450298897922039,-0.4789416790008545,-0.2067122459411621,0.9999764561653136,0.190803125500679,-0.3599657118320465,0.0660299807786941,0.5551907420158386,-0.0754084885120391,-0.2187274098396301,-0.2426538914442062,0.9952462911605836,0.1682210713624954,-0.4546056389808655,-0.0813296139240264,0.7532871961593628,-0.002785057760775,-0.0171107798814773,-0.2324069440364837,0.9856747388839722,0.1478871554136276,-0.4853082597255707,-0.1103586703538894,0.6537408232688904,0.001071146922186,0.03432073071599,-0.2737296223640442,0.9694434404373168,0.1473462730646133,-0.523067831993103,-0.113881230354309,0.6413111090660095,0.0368377417325973,0.0295163094997406,-0.2707631587982178,0.967297375202179,0.1607760787010193,-0.4762749969959259,-0.0908441692590713,0.6061106324195862,0.0157582461833953,-0.005224100779742,-0.2301733940839767,0.952991247177124,0.0561890341341495,0.0062403921037912,0.0855662301182746,0.9992332458496094,-0.0569161809980869,-0.0068984781391918,-0.0849738121032714,0.9995364546775818,0.0362745597958564,0.3539133965969085,0.1488487273454666,0.5837558507919312,-0.026719169691205,0.3910136222839355,-0.0707898437976837,0.9514288306236268,-0.0067278072237968,0.734126091003418,0.2284057289361953,0.7382668256759644,-0.0077899768948554,0.7644100785255432,-0.0025162957608699,0.9504947662353516,-0.0059817675501108,0.7828106880187988,0.2274425625801086,0.7092577219009399,-0.0028146798722445,0.8074107766151428,-0.0027540316805243,0.8532832860946655,0.0896083563566207,0.8017589449882507,0.1383701562881469,0.8307103514671326,0.0741586908698082,0.8474964499473572,-0.1136542707681655,0.9525208473205566
0.2005393356084823,-0.5418148636817932,-0.1250112950801849,0.9996234178543092,0.2023688405752182,-0.581861138343811,-0.1161142885684967,0.999233067035675,0.2018719315528869,-0.5818887948989868,-0.1178634688258171,0.9990637302398682,0.2023887783288955,-0.5821836590766907,-0.1157526448369026,0.9990588426589966,0.189940333366394,-0.5828430652618408,-0.1499813199043274,0.9994856715202332,0.1923015564680099,-0.5835566520690918,-0.1500671505928039,0.999486804008484,0.19168022274971,-0.5824906229972839,-0.1463000327348709,0.9996134638786316,0.1354706734418869,-0.6215086579322815,-0.0315652377903461,0.9972899556159972,0.0854770988225936,-0.6191691756248474,-0.1710253655910492,0.9997073411941528,0.1622947752475738,-0.5369005799293518,-0.0971702486276626,0.9994940757751464,0.1486098170280456,-0.5349498391151428,-0.1359273642301559,0.9998022317886353,0.1083267331123352,-0.4845260083675384,0.0746692568063736,0.9996753931045532,-0.0469245947897434,-0.4790063500404358,-0.2067513018846511,0.9999760389328004,0.1865404695272445,-0.3570385873317718,0.0590827614068985,0.5532882809638977,-0.0768307000398635,-0.21869458258152,-0.2427942156791687,0.9952871203422546,0.1654208898544311,-0.4514813125133514,-0.0904245600104332,0.7521602511405945,-0.0035075356718152,-0.017075328156352,-0.2328020632266998,0.985871434211731,0.1453223973512649,-0.4806257486343384,-0.118044376373291,0.652510941028595,0.0007550309528596,0.0349648222327232,-0.2737698853015899,0.969731628894806,0.1459181904792785,-0.5185666680335999,-0.1231710240244865,0.6402125358581543,0.0366575643420219,0.0299854148179292,-0.2711952030658722,0.9676068425178528,0.1583231687545776,-0.4729616343975067,-0.1001880690455436,0.6051831841468811,0.0152696063742041,-0.0051669245585799,-0.2306651622056961,0.9534461498260498,0.0562392175197601,0.0061940136365592,0.0853128060698509,0.999216616153717,-0.0569670535624027,-0.0068511888384819,-0.0847209468483924,0.9995269179344176,0.0358723998069763,0.3537024259567261,0.1458682119846344,0.5928213000297546,-0.0276736710220575,0.3922615349292755,-0.0705948546528816,0.9527308940887452,-0.0078106098808348,0.7345354557037354,0.2228162288665771,0.743564248085022,-0.007868867367506,0.766264021396637,-0.0026222704909741,0.9511366486549376,-0.0070786434225738,0.7833206057548523,0.2213325500488281,0.7104019522666931,-0.0028454503044486,0.8093329071998596,-0.0030155193526297,0.852421224117279,0.0882443636655807,0.8018243908882141,0.1324939131736755,0.8334333300590515,0.0733550861477851,0.8487719297409058,-0.113858550786972,0.9526855945587158
0.2003381848335266,-0.5421593189239502,-0.1241349801421165,0.9996311068534852,0.2019721120595932,-0.5823107957839966,-0.1154362484812736,0.9992495179176332,0.2014749944210052,-0.582339346408844,-0.1171939820051193,0.9990828037261964,0.2019849866628646,-0.5826366543769836,-0.1150746867060661,0.999078929424286,0.189760074019432,-0.5831706523895264,-0.1494498550891876,0.999496579170227,0.1921222656965255,-0.5838854312896729,-0.149539828300476,0.9994980692863464,0.1915065795183181,-0.5828184485435486,-0.1457889676094055,0.9996225237846376,0.1335454583168029,-0.6222222447395325,-0.0316126383841037,0.9973332285881042,0.0851614326238632,-0.6193891763687134,-0.171985238790512,0.9997146129608154,0.1616461724042892,-0.5372653007507324,-0.0967877432703971,0.9995033740997314,0.1483278423547744,-0.5351829528808594,-0.1357508450746536,0.9998053312301636,0.1053958311676979,-0.4845269024372101,0.0728331059217453,0.999675154685974,-0.0474434345960617,-0.4787957966327667,-0.210582822561264,0.9999765157699584,0.1775378882884979,-0.3553385138511657,0.0590096153318882,0.5508931875228882,-0.0771291777491569,-0.2161879539489746,-0.248834878206253,0.9954363703727722,0.1654559075832367,-0.4476474523544311,-0.0872338190674781,0.7514790892601013,-0.0035243080928921,-0.0152849638834595,-0.2366621643304824,0.9864233732223512,0.1463605165481567,-0.4742252826690674,-0.1108012571930885,0.6513924598693848,0.0007704611634835,0.0389903001487255,-0.2755777537822723,0.9707244038581848,0.1488902121782302,-0.5105679035186768,-0.1194686591625213,0.6394349336624146,0.0367987863719463,0.033961534500122,-0.2742506861686706,0.968673586845398,0.1587133854627609,-0.4681567847728729,-0.0977045372128486,0.6049489378929138,0.015285431407392,-0.0031816773116588,-0.2345255315303802,0.9549558758735656,0.0561532564461231,0.006145728752017,0.0853857323527336,0.9992157816886902,-0.0568820796906948,-0.0067994273267686,-0.0847918018698692,0.9995314478874208,0.0344377979636192,0.3537687659263611,0.1460254490375518,0.6062613129615784,-0.0282765608280897,0.3934957087039947,-0.0691625773906707,0.954992175102234,-0.0107424100860953,0.7361655831336975,0.2239584773778915,0.7513918876647949,-0.0084672085940837,0.7682753205299377,-0.002078769961372,0.9528433084487916,-0.0100669199600815,0.7851444482803345,0.2225529700517654,0.7121418118476868,-0.003404673654586,0.8114600777626038,-0.002695047063753,0.852685272693634,0.086268626153469,0.802095890045166,0.1337276101112365,0.8382329940795898,0.0719335004687309,0.8497702479362488,-0.1124840825796127,0.9539031982421876
0.2010094672441482,-0.5426400899887085,-0.1246208548545837,0.999634861946106,0.2024544924497604,-0.5826995372772217,-0.115892045199871,0.9992575645446776,0.2019585371017456,-0.5827276706695557,-0.1176404431462287,0.9990926384925842,0.2024740874767303,-0.5830254554748535,-0.1155240461230278,0.9990909099578856,0.1904375404119491,-0.5834705829620361,-0.149989441037178,0.9995023012161256,0.1928006559610366,-0.5841835737228394,-0.1500821113586425,0.9995033144950868,0.1921805441379547,-0.583116888999939,-0.1463316231966018,0.999627411365509,0.1335668116807937,-0.6222574710845947,-0.0321624092757701,0.9973437190055848,0.08566165715456,-0.6193073391914368,-0.1730168014764785,0.9997171759605408,0.1620621085166931,-0.5375267267227173,-0.0972922816872596,0.9995052814483644,0.1489731818437576,-0.535361111164093,-0.1363256424665451,0.9998058080673218,0.1041830703616142,-0.4845272302627563,0.0728831440210342,0.9996726512908936,-0.0461730435490608,-0.4782615005970001,-0.2115439474582672,0.9999765157699584,0.172617420554161,-0.3552731871604919,0.0602107681334018,0.5409817099571228,-0.0770029723644256,-0.2134909927845001,-0.2497022151947021,0.9953935146331788,0.1652902662754058,-0.4478821158409118,-0.0854021310806274,0.7438951134681702,-0.0022352237720042,-0.0135315107181668,-0.2381887286901474,0.9862396121025084,0.1467539519071579,-0.4746343195438385,-0.1098527163267135,0.6447057723999023,0.0023910279851406,0.0393766202032566,-0.2780720591545105,0.9703722596168518,0.1509536057710647,-0.5110620260238647,-0.1183672845363617,0.632854163646698,0.0385462939739227,0.0340464226901531,-0.2755246460437774,0.9682719111442566,0.1588149815797805,-0.4684941470623016,-0.0962116941809654,0.5985308289527893,0.0166227668523788,-0.0019376465352252,-0.2358290404081344,0.9543575048446656,0.0554632842540741,0.0061162887141108,0.0853838101029396,0.9992122650146484,-0.0562057048082351,-0.0067708706483244,-0.084789752960205,0.9995318055152892,0.0333896577358245,0.3537526130676269,0.1462615728378296,0.6031493544578552,-0.0282464046031236,0.393503189086914,-0.0687057450413703,0.9545598030090332,-0.0114786615595221,0.7358824610710144,0.2249370962381363,0.7499244809150696,-0.0085508543998003,0.7681286334991455,0.0005318753537721,0.951993465423584,-0.0107930786907672,0.7847660183906555,0.2238254845142364,0.7120643854141235,-0.0035197173710912,0.8112942576408386,0.000269165931968,0.8526131510734558,0.0853137597441673,0.8014834523200989,0.1357221752405166,0.8368175625801086,0.0719132721424102,0.849743127822876,-0.108752004802227,0.953019678592682
0.2017838209867477,-0.5428956747055054,-0.1244949772953987,0.999639332294464,0.203026533126831,-0.5829059481620789,-0.1157658994197845,0.999265193939209,0.2025323659181594,-0.5829322934150696,-0.1175154894590377,0.9991015791893004,0.2030502706766128,-0.5832313299179077,-0.1153986603021621,0.9991004467010498,0.1911346316337585,-0.5836536288261414,-0.1499054431915283,0.9995083212852478,0.1934974044561386,-0.5843662619590759,-0.1499994099140167,0.9995092153549194,0.1928746402263641,-0.583299458026886,-0.1462501436471939,0.9996323585510254,0.1335847228765487,-0.6222618222236633,-0.0321368686854839,0.9973515868186952,0.0859759896993637,-0.6192896366119385,-0.173136830329895,0.9997206330299376,0.1624744832515716,-0.537635862827301,-0.0972182154655456,0.9995074272155762,0.1495645195245742,-0.5354487895965576,-0.1362979561090469,0.9998072981834412,0.1040561944246292,-0.4840883016586303,0.0729418843984603,0.9996697902679444,-0.0453242845833301,-0.4781276285648346,-0.2120376825332641,0.999976634979248,0.1729467660188675,-0.3553215265274048,0.0605464503169059,0.5377094745635986,-0.0764228031039238,-0.2133381515741348,-0.2506033182144165,0.99543559551239,0.1661877930164337,-0.4494564831256866,-0.0847953110933303,0.742432713508606,-0.0012646076502278,-0.0129879731684923,-0.2394674569368362,0.9864301085472108,0.1492552012205124,-0.4777939915657043,-0.1093906089663505,0.6433945298194885,0.0034199063666164,0.0399235486984252,-0.2796382308006286,0.9706882834434508,0.1549416631460189,-0.5136218070983887,-0.117934338748455,0.6317158341407776,0.040036704391241,0.0347089543938636,-0.2770828306674957,0.968603253364563,0.1606496274471283,-0.470137357711792,-0.0957555547356605,0.597554087638855,0.0177881550043821,-0.0013017159653827,-0.2371051162481308,0.9547759294509888,0.055273950099945,0.0061221509240567,0.0854086056351661,0.9992021918296814,-0.0560190379619598,-0.0067778192460536,-0.0848126858472824,0.9995285868644714,0.032913289964199,0.353753000497818,0.1475697010755539,0.6051561236381531,-0.028190542012453,0.3932852745056152,-0.0697616636753082,0.9551352858543396,-0.0116353696212172,0.7357501983642578,0.2276417016983032,0.7510743737220764,-0.0086882943287491,0.7676956653594971,-0.0002117894182447,0.952260196208954,-0.0108841992914676,0.7845935821533203,0.2266999185085296,0.7112942337989807,-0.0037000596057623,0.8108190894126892,-0.0004978159558959,0.8521326780319214,0.0854527577757835,0.8010062575340271,0.1386933475732803,0.8372280597686768,0.0717995539307594,0.8492692112922668,-0.1101337596774101,0.9531428217887878
0.2017498910427093,-0.5424994826316833,-0.1252268403768539,0.9996340274810792,0.2030283808708191,-0.5824077725410461,-0.1164711713790893,0.9992536306381226,0.2025341838598251,-0.5824337005615234,-0.118221141397953,0.9990893602371216,0.2030527144670486,-0.5827317237854004,-0.1161052882671356,0.9990885257720948,0.1910693198442459,-0.5833229422569275,-0.1503253579139709,0.999498963356018,0.1934314221143722,-0.584036648273468,-0.1504155993461609,0.9994988441467284,0.1928068846464157,-0.582969069480896,-0.1466630399227142,0.9996241927146912,0.1341948211193084,-0.6213618516921997,-0.0322714932262897,0.997304379940033,0.0859455093741417,-0.6190524101257324,-0.1727861166000366,0.9997130036354064,0.1625206768512725,-0.537102222442627,-0.097673125565052,0.9995002150535583,0.149541288614273,-0.5350980758666992,-0.1364662796258926,0.9998048543930054,0.1057569533586502,-0.483387142419815,0.0729919895529747,0.9996721148490906,-0.045342531055212,-0.4780826270580292,-0.2091637998819351,0.9999763369560242,0.1798460781574249,-0.355213463306427,0.0585348680615425,0.5414119958877563,-0.0746763870120048,-0.2133026421070099,-0.245963916182518,0.995349109172821,0.1687093526124954,-0.4503614902496338,-0.0951109826564788,0.7457443475723267,0.0005117027903907,-0.0119864540174603,-0.2375078201293945,0.9862263798713684,0.1515464931726455,-0.4808263480663299,-0.1246735081076622,0.6472926139831543,0.0050706421025097,0.0403777100145816,-0.2783071994781494,0.9703127145767212,0.1560911387205124,-0.518095850944519,-0.1291838437318802,0.6355562806129456,0.0411063320934772,0.0349939092993736,-0.2759674787521362,0.9682140946388244,0.1628583222627639,-0.4716540873050689,-0.1052101701498031,0.6009623408317566,0.0193722564727067,-0.0003910465457011,-0.2354605048894882,0.9542033076286316,0.0553258545696735,0.0061298464424908,0.0851337686181068,0.999195158481598,-0.0560669600963592,-0.0067869066260755,-0.0845418274402618,0.9995210766792296,0.0327454321086406,0.3537341952323913,0.1485385447740554,0.6027089953422546,-0.0273432042449712,0.3917293548583984,-0.074476845562458,0.9545385241508484,-0.0119184041395783,0.7345056533813477,0.2311146557331085,0.7499423623085022,-0.0080630294978618,0.7651803493499756,-0.0061144931241869,0.9518790245056152,-0.0111479051411151,0.7831789255142212,0.2306051105260849,0.7107653617858887,-0.0031237879302352,0.808137834072113,-0.0064574549905955,0.8518978357315063,0.0850948020815849,0.800772488117218,0.1411846876144409,0.836186408996582,0.0726566165685653,0.8479685187339783,-0.1194562017917633,0.9528436660766602
0.2008237987756729,-0.545779824256897,-0.126068040728569,0.999637484550476,0.2010450661182403,-0.585605263710022,-0.1173639670014381,0.9992595314979552,0.2005576193332672,-0.5856260657310486,-0.1191137954592704,0.9990947246551514,0.2010814845561981,-0.5859211087226868,-0.1169989332556724,0.9990944266319276,0.1895400732755661,-0.5862058401107788,-0.1515307277441024,0.99950510263443,0.1919020861387252,-0.5869154930114746,-0.1516246050596237,0.9995052814483644,0.1912737488746643,-0.5858462452888489,-0.1478777974843979,0.9996299147605896,0.1292526572942733,-0.622627317905426,-0.0339941717684268,0.9973105788230896,0.0835434719920158,-0.6194018721580505,-0.1765165030956268,0.999717891216278,0.1611683517694473,-0.5394176840782166,-0.0986975282430648,0.999502956867218,0.148638904094696,-0.5370437502861023,-0.1379246711730957,0.9998064637184144,0.1015990227460861,-0.4837472140789032,0.0726058334112167,0.99966299533844,-0.0455715581774711,-0.4780419170856476,-0.2165695577859878,0.999976396560669,0.1737517863512039,-0.3576945662498474,0.0605831444263458,0.5334742665290833,-0.0751565992832183,-0.2133402228355407,-0.2553239464759826,0.9954409003257751,0.1709216088056564,-0.4518882930278778,-0.0844460651278495,0.7410421967506409,0.0003409916826058,-0.0116284247487783,-0.245728000998497,0.9865177273750304,0.1566701084375381,-0.4819013476371765,-0.1107566878199577,0.6428472399711609,0.004769274033606,0.0412381365895271,-0.2866053581237793,0.9708646535873412,0.1633477509021759,-0.5183234214782715,-0.1193414628505706,0.6314448118209839,0.0410668216645717,0.0363635271787643,-0.2844813466072082,0.968802273273468,0.1664489209651947,-0.4726253747940063,-0.095917709171772,0.597385823726654,0.0192583817988634,0.0002386488922638,-0.2436357289552688,0.9550260901451112,0.0550454780459404,0.0061074742116034,0.0853898972272872,0.9991875886917114,-0.0557957775890827,-0.0067649791017174,-0.0847966447472572,0.99952232837677,0.032738272100687,0.3529791235923767,0.1510087996721267,0.6052048802375793,-0.028251489624381,0.3917777240276336,-0.0722447335720062,0.955164074897766,-0.0118781430646777,0.7335547208786011,0.2350634187459945,0.7508234977722168,-0.0104568637907505,0.7650654911994934,-0.0016237515956163,0.9521198868751526,-0.0110869575291872,0.7821481227874756,0.2347364425659179,0.710793137550354,-0.0055249398574233,0.8079888224601746,-0.001930067082867,0.8515821695327759,0.0854098573327064,0.7982349395751953,0.1480336189270019,0.8364900946617126,0.0712125301361084,0.8473513722419739,-0.1129394322633743,0.952815592288971
0.1989969760179519,-0.5457702875137329,-0.1247693374752998,0.9996484518051147,0.1989802420139312,-0.5856090784072876,-0.1163720786571502,0.9992803931236268,0.1984947472810745,-0.5856297016143799,-0.1181344091892242,0.999117910861969,0.1990080922842025,-0.5859249830245972,-0.116006501019001,0.9991179704666138,0.1880485415458679,-0.586197555065155,-0.1507451236248016,0.9995216131210328,0.1904113143682479,-0.5869068503379822,-0.1508374512195587,0.9995225071907043,0.1897890120744705,-0.5858374238014221,-0.1471000760793686,0.9996435642242432,0.12620410323143,-0.6229193806648254,-0.0341107249259948,0.9973776936531068,0.0826990455389022,-0.6194044351577759,-0.1773770600557327,0.9997293949127196,0.1587831825017929,-0.5394433736801147,-0.0981177687644958,0.9995177388191224,0.1470224261283874,-0.537041187286377,-0.1376090794801712,0.999812662601471,0.0991556122899055,-0.4838973879814148,0.0717789456248283,0.9996642470359802,-0.0457909405231475,-0.4780495464801788,-0.2214360535144806,0.9999772310256958,0.1725843399763107,-0.3620014488697052,0.0614068023860454,0.5341950058937073,-0.0751488730311393,-0.2142076939344406,-0.2616726160049438,0.9956384897232056,0.1720938384532928,-0.4595410823822021,-0.0757216960191726,0.7431196570396423,-0.0001608996244613,-0.0117822159081697,-0.2492508441209793,0.9871783256530762,0.1581748276948928,-0.4882952868938446,-0.0978446006774902,0.6440333127975464,0.003867556573823,0.0416206084191799,-0.2887346446514129,0.9721121788024902,0.1648128926753997,-0.5234975218772888,-0.1090328395366668,0.6329834461212158,0.0406181067228317,0.0376412719488143,-0.2878581285476684,0.9701386094093324,0.1677743345499038,-0.4796828627586365,-0.0875223129987716,0.5995154976844788,0.0188613310456275,0.000236328531173,-0.2472011148929596,0.956886351108551,0.0549683570861816,0.0061099510639905,0.085967056453228,0.9991932511329652,-0.0557212568819522,-0.0067661576904356,-0.0853600427508354,0.9995313286781312,0.0339008904993534,0.3527056276798248,0.1521757245063781,0.6145952939987183,-0.0294206906110048,0.3924477994441986,-0.0699360817670822,0.957057237625122,-0.0106970053166151,0.7331758737564087,0.2371608763933181,0.7549828290939331,-0.0118446061387658,0.7660214304924011,-0.0009952766122296,0.9536230564117432,-0.0098053254187107,0.7817257046699524,0.236658975481987,0.7102022767066956,-0.0068603227846324,0.8089434504508972,-0.0015612029237672,0.8511292934417725,0.0892605856060981,0.7960291504859924,0.1522740721702575,0.8393045663833618,0.069925881922245,0.8473367094993591,-0.1118758171796798,0.9539815783500672
0.199844554066658,-0.551884651184082,-0.1229410395026207,0.999664068222046,0.1990100741386413,-0.5919123888015747,-0.1147289276123046,0.9993097186088562,0.1985243558883667,-0.5919157862663269,-0.1165067553520202,0.9991514682769777,0.1990382373332977,-0.59222012758255,-0.114369660615921,0.9991506338119508,0.1883807778358459,-0.5920765995979309,-0.1495756208896637,0.9995431303977966,0.1907447725534439,-0.5927827954292297,-0.1496692299842834,0.9995444416999816,0.1901230812072754,-0.5917038917541504,-0.1459385901689529,0.9996606111526488,0.1244126930832862,-0.6257871985435486,-0.0340934731066226,0.9974690079689026,0.0827459171414375,-0.6208056807518005,-0.1783696711063385,0.9997432231903076,0.1590179353952407,-0.543797492980957,-0.0970946103334426,0.9995383620262146,0.1479312181472778,-0.5408613085746765,-0.1370978504419326,0.999821960926056,0.0985971316695213,-0.4838551878929138,0.0719435364007949,0.9996705055236816,-0.0437382869422435,-0.4780410230159759,-0.2269067615270614,0.9999784231185912,0.1711789518594741,-0.3629624247550964,0.0677053704857826,0.5337790846824646,-0.0751387625932693,-0.214534655213356,-0.2690606117248535,0.9958540201187134,0.1767717450857162,-0.4626249074935913,-0.0609370432794094,0.7459798455238342,0.0004061853978782,-0.0122521156445145,-0.2559467256069183,0.9878976941108704,0.1643419116735458,-0.4915052056312561,-0.0808956176042556,0.6464653611183167,0.0044706431217491,0.0416011773049831,-0.2951565086841583,0.9735100865364076,0.1727886199951172,-0.526188313961029,-0.0938119515776634,0.6357003450393677,0.0424251705408096,0.0376488491892814,-0.2943813800811767,0.9716246128082277,0.1734769642353058,-0.4827292561531067,-0.0733483433723449,0.6027467250823975,0.0197989549487829,-8.503272511006799e-06,-0.253584623336792,0.9589451551437378,0.0546068400144577,0.0061764880083501,0.0873074531555175,0.999210774898529,-0.0553673841059207,-0.0068289968185126,-0.0866794437170028,0.9995490908622742,0.0356788747012615,0.3526617884635925,0.161911278963089,0.621001660823822,-0.0291873030364513,0.3924662470817566,-0.0699875354766845,0.9588423371315002,-0.0070157670415937,0.7318755984306335,0.2530845999717712,0.7580476403236389,-0.0118088349699974,0.7661378383636475,-0.0012307836441323,0.955376148223877,-0.0053737172856926,0.7802174091339111,0.2530894577503204,0.710182249546051,-0.0067675858736038,0.8090553283691406,-0.0019585881382226,0.8522405624389648,0.0989229828119278,0.7912631034851074,0.1722596585750579,0.8418761491775513,0.0713802576065063,0.8462177515029907,-0.1124265268445015,0.9555128812789916
