x_0,y_0,z_0,visibility_0,x_1,y_1,z_1,visibility_1,x_2,y_2,z_2,visibility_2,x_3,y_3,z_3,visibility_3,x_4,y_4,z_4,visibility_4,x_5,y_5,z_5,visibility_5,x_6,y_6,z_6,visibility_6,x_7,y_7,z_7,visibility_7,x_8,y_8,z_8,visibility_8,x_9,y_9,z_9,visibility_9,x_10,y_10,z_10,visibility_10,x_11,y_11,z_11,visibility_11,x_12,y_12,z_12,visibility_12,x_13,y_13,z_13,visibility_13,x_14,y_14,z_14,visibility_14,x_15,y_15,z_15,visibility_15,x_16,y_16,z_16,visibility_16,x_17,y_17,z_17,visibility_17,x_18,y_18,z_18,visibility_18,x_19,y_19,z_19,visibility_19,x_20,y_20,z_20,visibility_20,x_21,y_21,z_21,visibility_21,x_22,y_22,z_22,visibility_22,x_23,y_23,z_23,visibility_23,x_24,y_24,z_24,visibility_24,x_25,y_25,z_25,visibility_25,x_26,y_26,z_26,visibility_26,x_27,y_27,z_27,visibility_27,x_28,y_28,z_28,visibility_28,x_29,y_29,z_29,visibility_29,x_30,y_30,z_30,visibility_30,x_31,y_31,z_31,visibility_31,x_32,y_32,z_32,visibility_32
-0.0948711037635803,-0.6436236500740051,-0.3089182376861572,0.9999807476997375,-0.0595413818955421,-0.6591846942901611,-0.3147086799144745,0.9999716281890868,-0.057633526623249,-0.6577996015548706,-0.3012339174747467,0.9999721050262452,-0.0586782060563564,-0.6586652994155884,-0.3043380379676819,0.9999772310256958,-0.0763701871037483,-0.6710491180419922,-0.3025016784667969,0.9999746680259703,-0.0774331912398338,-0.6708936095237732,-0.3152177631855011,0.9999766945838928,-0.0721549540758133,-0.6563671827316284,-0.2940341830253601,0.9999807476997375,0.066548965871334,-0.6289451122283936,-0.2578414678573608,0.9999775886535645,-0.0521389245986938,-0.6058464646339417,-0.1565757840871811,0.9999179244041444,-0.0364981666207313,-0.6230787634849548,-0.2788246870040893,0.999975860118866,-0.0685067400336265,-0.5973636507987976,-0.2747771739959717,0.9999658465385436,0.1537517011165619,-0.4469643831253052,-0.1893187016248703,0.9999950528144836,-0.0692158117890358,-0.533305823802948,0.0720861256122589,0.9999773502349854,0.1748295873403549,-0.2459293454885482,-0.2161863893270492,0.9956549406051636,-0.082493171095848,-0.2191688567399978,0.1100696548819542,0.569556713104248,0.1423924714326858,-8.238387817982584e-05,-0.1983643770217895,0.9929794073104858,-0.1649291664361953,-0.0227128248661756,0.0281253661960363,0.944216251373291,0.1321558207273483,0.0545910224318504,-0.2136236131191253,0.9866076707839966,-0.1601683646440506,0.0274487771093845,-0.0074466001242399,0.9397789835929872,0.0862412676215171,0.0711873844265937,-0.2283723503351211,0.987610399723053,-0.1349164992570877,0.0110488841310143,-0.0385658033192157,0.9470809698104858,0.1271984726190567,0.0364903099834919,-0.2031428813934326,0.9768715500831604,-0.1543455123901367,-0.0129236038774251,0.0039432453922927,0.9293069243431092,0.071182794868946,0.0111186476424336,-0.0497253648936748,0.9999821782112122,-0.0689534172415733,-0.013711460866034,0.0515344440937042,0.9999759793281556,0.0869131386280059,0.4074926376342773,-0.0307781156152486,0.9671902060508728,0.0075598168186843,0.3375965058803558,0.1907778233289718,0.6857048273086548,0.1561263352632522,0.7374588847160339,0.1373927444219589,0.97388356924057,0.0273834560066461,0.7201839685440063,0.3770027756690979,0.897488534450531,0.1396883577108383,0.7734410762786865,0.1537758111953735,0.8185812830924988,0.0240850243717432,0.7528501152992249,0.3567769527435303,0.8347576856613159,0.0344996452331543,0.7896450757980347,0.076478362083435,0.9754722118377686,-0.0730055198073387,0.7507287859916687,0.3104678988456726,0.9364446997642516
-0.0947180315852165,-0.6436190009117126,-0.3090753853321075,0.9999818205833436,-0.0593842640519142,-0.6591809988021851,-0.3147645592689514,0.9999732375144958,-0.0574735924601554,-0.6577958464622498,-0.3012943267822265,0.9999736547470092,-0.0585165880620479,-0.6586629748344421,-0.3043917119503021,0.999978482723236,-0.0762611031532287,-0.6710474491119385,-0.302600234746933,0.9999761581420898,-0.0773318409919738,-0.6708929538726807,-0.3153148889541626,0.9999779462814332,-0.0720585957169532,-0.6563663482666016,-0.294133186340332,0.9999817609786988,0.0666486993432045,-0.6289499998092651,-0.2577145099639892,0.9999788403511048,-0.0521228648722171,-0.6058485507965088,-0.1565711349248886,0.9999224543571472,-0.0363639183342456,-0.6230700612068176,-0.2788847982883453,0.9999771118164062,-0.0684574916958808,-0.5973582863807678,-0.27487313747406,0.9999675750732422,0.1536430567502975,-0.4468830227851867,-0.1892991214990615,0.9999951720237732,-0.0691708624362945,-0.5332674384117126,0.0724274516105651,0.9999776482582092,0.1748030483722686,-0.2459281533956527,-0.2160899341106414,0.9958034157752992,-0.0824849009513855,-0.2191841155290603,0.1104276701807975,0.5708575248718262,0.1424000859260559,-0.0001249379129149,-0.1980859339237213,0.9932257533073424,-0.1648517996072769,-0.022730927914381,0.0285125486552715,0.9444838762283324,0.1321775913238525,0.0545229315757751,-0.2132760137319564,0.9870143532752992,-0.1600830256938934,0.0274306740611791,-0.0069480715319514,0.9400165677070618,0.0862449258565902,0.0711196810007095,-0.2280400842428207,0.9879844188690186,-0.1348713189363479,0.0110043194144964,-0.0381110981106758,0.9472770690917968,0.1272032260894775,0.0364360883831977,-0.2028535902500152,0.9775267243385316,-0.1542685478925705,-0.012947236187756,0.0043289600871503,0.9296554923057556,0.0711646974086761,0.0111329155042767,-0.0499018318951129,0.9999822974205016,-0.0689307525753974,-0.0137238427996635,0.0517087653279304,0.9999760389328004,0.0862443298101425,0.4074635505676269,-0.0308611039072275,0.9677714109420776,0.0075202151201665,0.3374575078487396,0.1911200433969497,0.6890771985054016,0.1561130881309509,0.7374285459518433,0.137404590845108,0.9747891426086426,0.0273777451366186,0.7201041579246521,0.3773675858974457,0.9002175331115723,0.1396828144788742,0.7734004259109497,0.1538266837596893,0.82307368516922,0.0240794923156499,0.7527498006820679,0.3571198880672455,0.8386210203170776,0.0344121567904949,0.7896333336830139,0.0767339318990707,0.976301610469818,-0.0730227082967758,0.7506387829780579,0.3109116852283478,0.9381728768348694
-0.093850553035736,-0.6436170935630798,-0.3095190525054931,0.9999828934669496,-0.0586376786231994,-0.6591827869415283,-0.3149189352989197,0.9999749064445496,-0.0567253977060318,-0.6577980518341064,-0.3014546036720276,0.9999752044677734,-0.0577605254948139,-0.6586665511131287,-0.3045335412025451,0.9999797344207764,-0.0757922232151031,-0.6710465550422668,-0.3028814494609833,0.9999776482582092,-0.0768758356571197,-0.6708927154541016,-0.3155896961688995,0.9999792575836182,-0.0716196298599243,-0.6563647985458374,-0.2944150567054748,0.9999828338623048,0.0671679973602294,-0.6290459036827087,-0.2571784257888794,0.999980092048645,-0.0522097311913967,-0.6058727502822876,-0.1565576791763305,0.9999271035194396,-0.0355551727116107,-0.6230776906013489,-0.2789956629276275,0.9999783039093018,-0.0680746436119079,-0.5973600745201111,-0.2750937938690185,0.999969244003296,0.1536315083503723,-0.4468654990196228,-0.1890704333782196,0.9999952912330629,-0.069128893315792,-0.5332803726196289,0.0728819817304611,0.9999779462814332,0.1745827049016952,-0.245937630534172,-0.2160109728574752,0.9959222674369812,-0.0825800821185112,-0.21945421397686,0.1109898909926414,0.5732119679450989,0.1423414647579193,-0.0001477149198763,-0.1978811174631118,0.9934056997299194,-0.1647525280714035,-0.0228855982422828,0.0295434650033712,0.9450414180755616,0.1321599930524826,0.0545385554432868,-0.2130264192819595,0.9873110055923462,-0.1599887609481811,0.0273859873414039,-0.0057371407747268,0.9405489563941956,0.0862029492855072,0.0712252482771873,-0.2278078198432922,0.9882591962814332,-0.1348766684532165,0.0109425820410251,-0.036905039101839,0.947730839252472,0.1271336078643798,0.0364397205412387,-0.2026371955871582,0.978014588356018,-0.1541861444711685,-0.013055401854217,0.0053899362683296,0.9303211569786072,0.0711566284298896,0.0111530125141143,-0.0500931404531002,0.9999822378158568,-0.0689177960157394,-0.0137440711259841,0.0518931858241558,0.9999760389328004,0.085437886416912,0.407436728477478,-0.0309339724481105,0.968371331691742,0.0073046036995947,0.3372410535812378,0.1912880986928939,0.6929489970207214,0.1561372727155685,0.7373960614204407,0.1373568326234817,0.9756831526756288,0.027355458587408,0.7200441956520081,0.3779157996177673,0.9028122425079346,0.1397615224123001,0.7733790874481201,0.1538182348012924,0.8275346159934998,0.0240661520510911,0.7526937127113342,0.3577226102352142,0.8421867489814758,0.0343048013746738,0.7896634340286255,0.0769474133849144,0.9771279096603394,-0.0729728639125824,0.7505927681922913,0.3117891848087311,0.9398230910301208
-0.0908926427364349,-0.6435832977294922,-0.3102531135082245,0.9999839663505554,-0.056072112172842,-0.6591537594795227,-0.3151375651359558,0.9999765157699584,-0.0541333705186843,-0.6577697396278381,-0.3016837537288666,0.9999767541885376,-0.0551764741539955,-0.65864098072052,-0.3047395646572113,0.9999809861183168,-0.0738207325339317,-0.6709954142570496,-0.3034013211727142,0.9999791383743286,-0.0749078840017318,-0.6708447337150574,-0.3160894215106964,0.9999805688858032,-0.0696912333369255,-0.6563166379928589,-0.2949235141277313,0.9999839067459106,0.0686447545886039,-0.6290848255157471,-0.2559511661529541,0.9999813437461852,-0.0522078163921833,-0.6058618426322937,-0.1565732806921005,0.9999317526817322,-0.0329663567245006,-0.6230723857879639,-0.2791405618190765,0.999979555606842,-0.066335491836071,-0.5973373651504517,-0.2755420207977295,0.9999709725379944,0.1538303345441818,-0.4468398094177246,-0.1880648583173751,0.9999954104423524,-0.069083958864212,-0.5332697629928589,0.0731337815523147,0.9999783635139464,0.1745885908603668,-0.2458624392747879,-0.2155237644910812,0.9960370063781738,-0.0826811343431472,-0.2195847928524017,0.1111768931150436,0.5779240131378174,0.1424270123243332,-4.622546111932024e-05,-0.1977148652076721,0.993577003479004,-0.1646949201822281,-0.0229412894695997,0.0298293866217136,0.9460912942886353,0.1322624087333679,0.0547357946634292,-0.2128247767686844,0.9875963926315308,-0.1599214375019073,0.0273549742996692,-0.0054264245554804,0.9415720105171204,0.0862998142838478,0.0714874267578125,-0.2276216894388198,0.9885247349739076,-0.1347547471523285,0.0109105501323938,-0.0366191156208515,0.9486157298088074,0.1271962374448776,0.0365789644420146,-0.2024638205766677,0.9784889221191406,-0.1541065275669098,-0.0130796041339635,0.0056896870955824,0.9314963221549988,0.0711725205183029,0.0111759854480624,-0.0501528494060039,0.9999822378158568,-0.0689258426427841,-0.0137667274102568,0.0519515611231327,0.9999760985374452,0.0853974893689155,0.4075081646442413,-0.0314829461276531,0.9690978527069092,0.0072215115651488,0.3371523022651672,0.1903781145811081,0.6982035040855408,0.156377837061882,0.7374101877212524,0.1366661339998245,0.9765531420707704,0.0273916590958833,0.7199205160140991,0.3772734701633453,0.905709981918335,0.1400887817144394,0.7734189033508301,0.1531888246536255,0.8318731784820557,0.024117661640048,0.7525569200515747,0.357136994600296,0.8460650444030762,0.0343369245529174,0.7897359132766724,0.0766420140862464,0.9779394865036012,-0.0728412419557571,0.7505469918251038,0.3111489713191986,0.9416438937187196
-0.0813024491071701,-0.6432285308837891,-0.3134545385837555,0.9999851584434508,-0.0481506772339344,-0.6588252782821655,-0.3165713846683502,0.9999783039093018,-0.0462306067347526,-0.6574592590332031,-0.3031266033649444,0.999978482723236,-0.0472874194383621,-0.6583179235458374,-0.3060880899429321,0.9999823570251464,-0.0670964196324348,-0.6705146431922913,-0.3062385022640228,0.9999807476997375,-0.0682266652584075,-0.6703760623931885,-0.3188866376876831,0.9999819993972778,-0.0630791187286377,-0.6558191776275635,-0.2977318465709686,0.9999850988388062,0.0720089301466941,-0.629115104675293,-0.2538215517997741,0.9999827146530152,-0.052235409617424,-0.6056345105171204,-0.1582010984420776,0.9999367594718932,-0.0249366667121648,-0.6229261755943298,-0.2801839113235473,0.999980926513672,-0.0601647198200225,-0.5970685482025146,-0.2781800925731659,0.999972939491272,0.1542814075946808,-0.4468210935592651,-0.1864749193191528,0.9999955296516418,-0.0691319108009338,-0.5332546234130859,0.0730248913168907,0.9999788999557496,0.1746683865785598,-0.2456607371568679,-0.2134889513254165,0.9961620569229126,-0.0831408500671386,-0.2197266370058059,0.1111713424324989,0.5855181217193604,0.1426711678504943,0.0001391213736496,-0.1956875622272491,0.9937535524368286,-0.16464164853096,-0.0229728985577821,0.0310931969434022,0.9475134015083312,0.1324633359909057,0.0549307502806186,-0.2105325162410736,0.9878777861595154,-0.1598163396120071,0.0273297913372516,-0.0038354774005711,0.9429357051849364,0.086445540189743,0.0716257765889167,-0.2254909574985504,0.9887902736663818,-0.1345634311437606,0.0109008587896823,-0.0349631570279598,0.9498018622398376,0.1273624002933502,0.0367536470293998,-0.2003946602344513,0.978979766368866,-0.1540456712245941,-0.013106882572174,0.0070656770840287,0.9330443143844604,0.0712347701191902,0.0112080806866288,-0.0501813068985939,0.9999820590019226,-0.0689715668559074,-0.0137994298711419,0.0519802123308181,0.999975860118866,0.0853487104177475,0.4074195921421051,-0.0319759547710418,0.969885528087616,0.0069498280063271,0.3368793129920959,0.1903355419635772,0.7027280926704407,0.1564780175685882,0.7373881340026855,0.1362955421209335,0.9773065447807312,0.0273601487278938,0.7193147540092468,0.3775637149810791,0.9082646369934082,0.1402437090873718,0.7734262943267822,0.1529004871845245,0.8358482122421265,0.024086445569992,0.7519363760948181,0.3575692474842071,0.8496344685554504,0.0341874286532402,0.7903503775596619,0.0767373368144035,0.9786574244499208,-0.0728139653801918,0.7504827976226807,0.3118094205856323,0.9431914687156676
-0.0685742646455764,-0.6427963972091675,-0.3184027373790741,0.9999862909317015,-0.0380385890603065,-0.6584377288818359,-0.3193539679050445,0.9999799132347108,-0.0361150242388248,-0.6571096777915955,-0.3059138059616089,0.9999800324440002,-0.0372202545404434,-0.6579229235649109,-0.3087137341499328,0.9999836087226868,-0.0577909648418426,-0.6697914004325867,-0.311308354139328,0.9999822378158568,-0.0589182116091251,-0.6696468591690063,-0.3238576352596283,0.9999833106994628,-0.0538350157439708,-0.6550486087799072,-0.3027072250843048,0.999986171722412,0.0753853321075439,-0.6292266845703125,-0.2520874440670013,0.9999839663505554,-0.0522858798503875,-0.6049237847328186,-0.163609966635704,0.9999414086341858,-0.0143365282565355,-0.6228167414665222,-0.2822618186473846,0.9999822378158568,-0.0510091297328472,-0.5966728329658508,-0.2830778956413269,0.99997478723526,0.1553756892681121,-0.4468531906604767,-0.1846503615379333,0.9999957084655762,-0.0696646869182586,-0.5331231355667114,0.070851981639862,0.9999794363975524,0.175428882241249,-0.2455112040042877,-0.2071030735969543,0.9962937831878662,-0.0844434723258018,-0.2197498381137848,0.1101423576474189,0.5963124632835388,0.1435145586729049,0.0003262909594923,-0.1843106895685196,0.9939250946044922,-0.1645911782979965,-0.0229863803833723,0.0319021604955196,0.9492897987365724,0.1329590082168579,0.0551008507609367,-0.1976100802421569,0.9881420731544496,-0.1595339179039001,0.0273254234343767,-0.0027299902867525,0.9447112679481506,0.0869215577840805,0.071656696498394,-0.2131286412477493,0.989043653011322,-0.1341177374124527,0.0109183406457304,-0.0336450338363647,0.9513440132141112,0.1280011385679245,0.036889974027872,-0.1889484375715255,0.9794791340827942,-0.1539710015058517,-0.013128905557096,0.0079942252486944,0.935044765472412,0.071526400744915,0.011240342631936,-0.0500422045588493,0.9999818801879884,-0.0692280232906341,-0.0138371707871556,0.0518242791295051,0.9999756813049316,0.0853601545095443,0.407221257686615,-0.0325242616236209,0.9711816906929016,0.0066881338134408,0.3364149630069732,0.1897567957639694,0.7120912075042725,0.1564848572015762,0.7372643947601318,0.1361798495054245,0.9782652258872986,0.0268550217151641,0.7184252142906189,0.3773369193077087,0.9123944640159608,0.1402740478515625,0.7733705639839172,0.1528450101613998,0.8407732844352722,0.0234834644943475,0.751064121723175,0.3574319183826446,0.8548092842102051,0.0341523066163063,0.7911658883094788,0.0770113170146942,0.9795333743095398,-0.0730706751346588,0.7503010034561157,0.3116509020328522,0.9455486536026
-0.0550496913492679,-0.6415057182312012,-0.3202297985553741,0.999987244606018,-0.0271563418209552,-0.657455325126648,-0.3201344609260559,0.9999812841415404,-0.025202227756381,-0.6561833024024963,-0.3066784143447876,0.99998140335083,-0.0263591073453426,-0.6569074392318726,-0.3093943297863006,0.9999847412109376,-0.0472479946911335,-0.6681380271911621,-0.313712477684021,0.9999834895133972,-0.0483634695410728,-0.6679558157920837,-0.3261775076389313,0.9999845027923584,-0.0433126986026763,-0.6533069610595703,-0.3050611913204193,0.9999871253967284,0.0788002088665962,-0.6295302510261536,-0.2481999844312667,0.9999850988388062,-0.052230317145586,-0.6036641597747803,-0.167906567454338,0.9999454617500304,-0.0029850003775209,-0.6224703788757324,-0.282559186220169,0.9999833703041076,-0.0402411557734012,-0.5956023931503296,-0.2852745652198791,0.999976396560669,0.1567552536725998,-0.4474427998065948,-0.1809301227331161,0.9999958276748656,-0.0703630745410919,-0.5330577492713928,0.0687912926077842,0.9999797940254213,0.175651878118515,-0.2454936802387237,-0.1957721561193466,0.9964168667793274,-0.0857686623930931,-0.2197703719139099,0.1081775054335594,0.6093812584877014,0.1438096016645431,0.0003750264586415,-0.1641066819429397,0.99406236410141,-0.1642667353153228,-0.022969726473093,0.032162670046091,0.950915277004242,0.1330158412456512,0.0550942011177539,-0.1748213917016983,0.9883378148078918,-0.1586668193340301,0.0273193754255771,-0.0024209797848016,0.9463655948638916,0.087266594171524,0.0715295746922493,-0.1909961849451065,0.9892338514328004,-0.1331175714731216,0.0109172938391566,-0.0330389179289341,0.9527691602706908,0.128360316157341,0.0368919298052787,-0.1685981452465057,0.979900062084198,-0.1536073386669159,-0.0131450137123465,0.008364207111299,0.9369330406188964,0.0718605369329452,0.0112612014636397,-0.0495689660310745,0.9999818801879884,-0.0695201233029365,-0.0138553129509091,0.0513295456767082,0.9999756813049316,0.0853286013007164,0.4071941971778869,-0.0358875691890716,0.973063588142395,0.0062459493055939,0.3355604708194732,0.1874559968709945,0.7269891500473022,0.1557412892580032,0.7374088764190674,0.1343078464269638,0.979578971862793,0.0256157666444778,0.7179442048072815,0.3748270869255066,0.9179347157478333,0.1395859271287918,0.7735879421234131,0.1512777209281921,0.8480212688446045,0.0220399741083383,0.7507050633430481,0.3549391329288482,0.8619259595870972,0.0336488783359527,0.792885959148407,0.0770160406827926,0.9807202219963074,-0.0740330815315246,0.7502555847167969,0.3090014159679413,0.9487492442131042
-0.0417024306952953,-0.6395741701126099,-0.3236095309257507,0.9999880790710448,-0.0158375762403011,-0.6557295322418213,-0.3218197822570801,0.999982476234436,-0.0138826081529259,-0.6545378565788269,-0.3083580434322357,0.9999825954437256,-0.0150973508134484,-0.655137300491333,-0.3109327852725982,0.999985694885254,-0.0364055633544921,-0.6656196117401123,-0.3176372349262237,0.999984622001648,-0.0375328138470649,-0.6654478311538696,-0.3300690054893493,0.9999855160713196,-0.0325097143650054,-0.6507596373558044,-0.308948278427124,0.9999879002571106,0.0834162533283233,-0.6295542120933533,-0.2444851249456405,0.9999861121177672,-0.0520473085343837,-0.6016964316368103,-0.1733835339546203,0.9999489188194276,0.0084616867825388,-0.6215854287147522,-0.2834260165691376,0.999984323978424,-0.0297402050346136,-0.593915581703186,-0.2889634966850281,0.9999777674674988,0.1584638059139251,-0.4477292895317077,-0.1772226989269256,0.9999959468841552,-0.0712875574827194,-0.5328869223594666,0.0663246139883995,0.9999800324440002,0.1760043352842331,-0.2451714873313903,-0.1884011775255203,0.9965052604675292,-0.0868051871657371,-0.2197290360927581,0.1069987416267395,0.6205916404724121,0.1439949572086334,0.0004314132675062,-0.1554629951715469,0.9941193461418152,-0.1642075777053833,-0.022827923297882,0.0331635363399982,0.9521966576576232,0.1330301165580749,0.0550812147557735,-0.1657773405313491,0.9883670806884766,-0.1582673788070678,0.0273673888295888,-0.0011780749773606,0.9476434588432312,0.0874582454562187,0.071042463183403,-0.1817779690027237,0.98927503824234,-0.1327911466360092,0.0109787043184041,-0.0314956568181514,0.95387601852417,0.128557801246643,0.0368827730417251,-0.15988489985466,0.9800462126731871,-0.1535626649856567,-0.01308707986027,0.0095139741897583,0.9383773803710938,0.0725449994206428,0.0112848812714219,-0.0487589500844478,0.9999815225601196,-0.0701533704996109,-0.0138754220679402,0.0505033284425735,0.9999752044677734,0.0854215025901794,0.40652796626091,-0.0381093472242355,0.9746774435043336,0.0059536700136959,0.3348794281482696,0.1852074861526489,0.7398095726966858,0.153715506196022,0.7369042038917542,0.1341941654682159,0.980587601661682,0.023668922483921,0.7159832715988159,0.3738574385643005,0.9226204752922058,0.1374232470989227,0.7731970548629761,0.151270180940628,0.8533183932304382,0.0197254605591297,0.7487459182739258,0.3541792929172516,0.8677113056182861,0.0314819999039173,0.7933116555213928,0.0776854455471038,0.9816044569015504,-0.0751704350113868,0.749122142791748,0.3078663349151611,0.9513112306594848
-0.0269747711718082,-0.6376742124557495,-0.3279656171798706,0.9999887347221376,-0.0029664097819477,-0.6540036201477051,-0.3243052661418915,0.9999834299087524,-0.0010721455328166,-0.6528878211975098,-0.3107803761959076,0.999983549118042,-0.0022966323886066,-0.6533680558204651,-0.3132568597793579,0.9999864101409912,-0.0242004971951246,-0.6631398797035217,-0.3227331638336181,0.9999855160713196,-0.0252443552017211,-0.6629809141159058,-0.3352146744728088,0.9999863505363464,-0.0202864725142717,-0.6483528017997742,-0.3140709102153778,0.9999884963035583,0.088741049170494,-0.6295802593231201,-0.2413168400526046,0.9999868869781494,-0.051262155175209,-0.5997975468635559,-0.1809290498495102,0.9999515414237976,0.0207345075905323,-0.6206978559494019,-0.2849456369876861,0.9999850988388062,-0.0180152747780084,-0.5922398567199707,-0.294157326221466,0.9999788403511048,0.1613461673259735,-0.4479108452796936,-0.1739461869001388,0.9999960660934448,-0.0738906189799308,-0.5325833559036255,0.0608033239841461,0.9999799728393556,0.1771236658096313,-0.2442815154790878,-0.1808202117681503,0.9965813159942628,-0.0888298004865646,-0.2190012782812118,0.0992422774434089,0.6325744986534119,0.1442711949348449,0.0005234627169556,-0.1474727094173431,0.9941371083259584,-0.1641628444194793,-0.0226028151810169,0.0279940627515316,0.9530686140060424,0.1330436766147613,0.0550425238907337,-0.157351016998291,0.9883040189743042,-0.1582088619470596,0.0273610446602106,-0.0070544751361012,0.9484496712684632,0.0877023190259933,0.0699039474129676,-0.1737283915281295,0.9892382621765136,-0.1327504217624664,0.0108904615044593,-0.0368061996996402,0.9545716047286988,0.1288605332374572,0.0368442945182323,-0.1521116942167282,0.9800601601600648,-0.1535253077745437,-0.0130351623520255,0.0044566057622432,0.9392284750938416,0.0737494155764579,0.0112964892759919,-0.0471240729093551,0.999980926513672,-0.0713138207793235,-0.0138860819861292,0.0489018484950065,0.9999743700027466,0.0854972377419471,0.4062391817569732,-0.0419515036046505,0.9761947989463806,0.0050501003861427,0.3346632122993469,0.1797062158584594,0.7517551779747009,0.1507770270109176,0.7372780442237854,0.1294381916522979,0.9814678430557252,0.0216748844832181,0.7156558036804199,0.3685133457183838,0.926831603050232,0.1342699378728866,0.7737839221954346,0.1467470675706863,0.8575228452682495,0.0175886452198028,0.748483419418335,0.3489370346069336,0.8725308775901794,0.0291740484535694,0.7962992191314697,0.0742876753211021,0.9823750257492064,-0.0756516009569168,0.7490865588188171,0.3006544411182403,0.953529953956604
-0.0124383829534053,-0.6371170878410339,-0.3290514051914215,0.9999893307685852,0.010532827116549,-0.653395414352417,-0.3246499598026275,0.9999842047691344,0.0123846484348177,-0.6523178219795227,-0.3111071586608886,0.999984323978424,0.0111566055566072,-0.6527274250984192,-0.3135624527931213,0.999987006187439,-0.010934991762042,-0.6622192859649658,-0.3244048357009887,0.9999862909317015,-0.0119316671043634,-0.662065863609314,-0.336929053068161,0.9999870657920836,-0.0069524347782135,-0.6474785208702087,-0.3157926201820373,0.9999890327453612,0.0950331762433052,-0.6297122240066528,-0.2364504933357238,0.999987542629242,-0.0479062274098396,-0.599005937576294,-0.1854425370693206,0.9999539256095886,0.0326536893844604,-0.6205345392227173,-0.2850637137889862,0.9999858140945436,-0.0058898427523672,-0.5917766690254211,-0.2962185144424438,0.9999799132347108,0.1653693467378616,-0.4482066333293915,-0.1689573377370834,0.9999961853027344,-0.0759274587035179,-0.532364547252655,0.0548557490110397,0.9999801516532898,0.1792240887880325,-0.2439310252666473,-0.1723881959915161,0.996649980545044,-0.0894488096237182,-0.2179136127233505,0.0888245552778244,0.6490973234176636,0.1449231952428817,0.0005259949248284,-0.1418452262878418,0.9941877722740172,-0.1639792770147323,-0.0220182333141565,0.0174485426396131,0.9550234079360962,0.1331221908330917,0.054996058344841,-0.1514807343482971,0.9883295893669128,-0.1578816771507263,0.0275562163442373,-0.0188418161123991,0.9504152536392212,0.0879901200532913,0.0689253732562065,-0.1686334162950515,0.9892844557762146,-0.1324289441108703,0.0109307654201984,-0.048246793448925,0.9563039541244508,0.1294102668762207,0.0367020927369594,-0.1467958241701126,0.9802390336990356,-0.1533519923686981,-0.0126914754509925,-0.0059323827736079,0.941399097442627,0.0749003514647483,0.0112946024164557,-0.0447751693427562,0.9999807476997375,-0.0724369883537292,-0.0138772930949926,0.0466187074780464,0.9999740719795228,0.0859314873814582,0.4060184061527252,-0.0437472537159919,0.97766774892807,0.0048285257071256,0.3344629108905792,0.1748315393924713,0.7638810873031616,0.1496388167142868,0.737372636795044,0.1289741545915603,0.9822643995285034,0.020546119660139,0.7151657938957214,0.3638243079185486,0.930965781211853,0.1330450028181076,0.7739288806915283,0.1465164572000503,0.8609344959259033,0.0163937546312809,0.7480417490005493,0.3441869914531708,0.8769974708557129,0.0290248990058898,0.7976115942001343,0.074430912733078,0.9830856323242188,-0.0757060721516609,0.7487749457359314,0.2946312129497528,0.9557483196258544
0.0008461192483082,-0.6365797519683838,-0.3304902613162994,0.9999898076057434,0.0229943431913852,-0.6527198553085327,-0.3251629471778869,0.9999846816062928,0.0248554218560457,-0.6516743302345276,-0.3115863502025604,0.999984860420227,0.0235884804278612,-0.6520052552223206,-0.3140260577201843,0.9999873638153076,0.0013863133499398,-0.6613499522209167,-0.3266157209873199,0.9999868869781494,0.0004090267757419,-0.661192774772644,-0.3391651213169098,0.9999876022338868,0.0054111988283693,-0.6466449499130249,-0.3180320262908935,0.9999894499778748,0.1010400280356407,-0.6297786235809326,-0.2326624095439911,0.9999880194664,-0.0436544045805931,-0.5985150337219238,-0.1908495277166366,0.9999558329582214,0.0433728620409965,-0.6203922629356384,-0.285245805978775,0.9999863505363464,0.005029241554439,-0.5914376974105835,-0.2987500429153442,0.9999807476997375,0.1682841628789901,-0.4485114812850952,-0.1652395725250244,0.9999962449073792,-0.0775208920240402,-0.5322754383087158,0.0487841963768005,0.9999802708625792,0.1803221553564071,-0.2433191984891891,-0.1658631414175033,0.9967042803764344,-0.0897174477577209,-0.2166896909475326,0.0802719593048095,0.6674057245254517,0.1451725214719772,0.0005914341309107,-0.1366523951292038,0.9942429661750792,-0.1636072099208831,-0.021506967023015,0.0101194474846124,0.9574676156044006,0.1331225335597992,0.0549849905073642,-0.1456181406974792,0.9883747696876526,-0.1573933660984039,0.0276340581476688,-0.0267815291881561,0.952925741672516,0.0880747586488723,0.0682308673858642,-0.1633946150541305,0.9893495440483092,-0.1320272982120514,0.0109206335619091,-0.0561580210924148,0.9585227370262146,0.1296221762895584,0.0366597957909107,-0.1418455690145492,0.9804654121398926,-0.153044193983078,-0.0124470572918653,-0.013171556405723,0.944204807281494,0.0757179409265518,0.0112755615264177,-0.0426818318665027,0.9999803900718688,-0.0732159242033958,-0.0138471033424139,0.0445564724504947,0.9999735951423644,0.0863174498081207,0.40583336353302,-0.0449211522936821,0.9790619611740112,0.0046488470397889,0.3344320654869079,0.1705615073442459,0.7752073407173157,0.1478000581264495,0.7381570339202881,0.1283836662769317,0.9830297231674194,0.0187016110867261,0.7151427865028381,0.3597718775272369,0.9348626732826232,0.1309496015310287,0.7748849391937256,0.1461298465728759,0.8640959858894348,0.0142993973568081,0.7480214834213257,0.3400915861129761,0.8810781240463257,0.0283300653100013,0.7998222708702087,0.0745357051491737,0.9837666749954224,-0.0764698982238769,0.7487472891807556,0.2898966670036316,0.9578375816345216
0.0133928563445806,-0.6363124251365662,-0.3303979933261871,0.9999900460243224,0.0348019413650035,-0.652292013168335,-0.3251059353351593,0.9999848008155824,0.0365873984992504,-0.6512768268585205,-0.3115378618240356,0.9999849796295166,0.0353634320199489,-0.6515517830848694,-0.3139890134334564,0.9999874234199524,0.0134143754839897,-0.66086745262146,-0.3269941806793213,0.9999871850013732,0.0123957656323909,-0.6607124209403992,-0.3395749032497406,0.9999878406524658,0.0174054075032472,-0.6461673378944397,-0.318456619977951,0.9999896287918092,0.1067852079868316,-0.6299355626106262,-0.2281244397163391,0.9999881982803344,-0.0375884436070919,-0.5984157919883728,-0.1940358877182006,0.9999568462371826,0.0533850863575935,-0.6203551888465881,-0.284995436668396,0.9999865889549256,0.0154653759673237,-0.5913429260253906,-0.2993133664131164,0.9999812841415404,0.1707667410373687,-0.4491186738014221,-0.1623736470937729,0.999996304512024,-0.0783791840076446,-0.5324251055717468,0.0455471910536289,0.9999802112579346,0.1817914396524429,-0.2432505041360855,-0.161902368068695,0.996746301651001,-0.0897229835391044,-0.2166733741760254,0.0765342116355896,0.6840816736221313,0.1455813646316528,0.0003642967785708,-0.1331596076488495,0.9942731261253356,-0.1621322482824325,-0.0215474851429462,0.0081284688785672,0.959657609462738,0.1331430375576019,0.0544773824512958,-0.1417391896247863,0.9883717894554138,-0.1555794030427932,0.0271952468901872,-0.0288879014551639,0.955200970172882,0.0882147774100303,0.066301442682743,-0.1595781743526458,0.9893697500228882,-0.1303245574235916,0.0101966308429837,-0.0582509078085422,0.9605417847633362,0.1299888640642166,0.0359634682536125,-0.1383305639028549,0.9806104302406312,-0.1516501009464264,-0.0126077709719538,-0.0150895472615957,0.946753740310669,0.0761941894888877,0.0112347286194562,-0.0413130894303321,0.9999799728393556,-0.0736694037914276,-0.0137939555570483,0.0431937277317047,0.999972939491272,0.0865007117390632,0.4051632583141327,-0.0448227040469646,0.9803022146224976,0.0046217539347708,0.3342185020446777,0.1707123667001724,0.784419596195221,0.146889328956604,0.7384648323059082,0.1288373917341232,0.9837243556976318,0.0177380517125129,0.715069591999054,0.3601551055908203,0.9382816553115844,0.1299932301044464,0.7753076553344727,0.146802008152008,0.8671112656593323,0.0132302176207304,0.7479839324951172,0.3404586315155029,0.8845794796943665,0.027969803661108,0.8008289337158203,0.0766959711909294,0.9843964576721193,-0.0766165181994438,0.7486040592193604,0.2900648713111877,0.959655225276947
0.01775474101305,-0.6360876560211182,-0.3301547765731811,0.999990165233612,0.0393245741724967,-0.6519555449485779,-0.3237027525901794,0.9999848008155824,0.0410813130438327,-0.6509687304496765,-0.3100958168506622,0.9999849796295166,0.0398904159665107,-0.6512050628662109,-0.3125285804271698,0.9999873638153076,0.0179045423865318,-0.660538911819458,-0.3265799582004547,0.9999873638153076,0.0168354306370019,-0.6603909134864807,-0.3391562700271606,0.9999880194664,0.0218582917004823,-0.6458407640457153,-0.3180331885814667,0.9999897480010986,0.1099147051572799,-0.6301153898239136,-0.2221582978963852,0.999988317489624,-0.0344157330691814,-0.5984160304069519,-0.1933851987123489,0.99995756149292,0.0571596026420593,-0.6203200221061707,-0.2830832302570343,0.9999867081642152,0.0191696044057607,-0.5912894010543823,-0.298855721950531,0.9999816417694092,0.1720821261405944,-0.4497126936912536,-0.158391386270523,0.999996304512024,-0.0790906101465225,-0.5328554511070251,0.0455923937261104,0.9999799728393556,0.182308942079544,-0.2432411164045334,-0.1598255932331085,0.9967873692512512,-0.0898672416806221,-0.21721713244915,0.0757962986826896,0.6996803879737854,0.1457006484270095,-0.000234704450122,-0.1331561803817749,0.9943293333053588,-0.1612821519374847,-0.0225608050823211,0.0075788809917867,0.9617794156074524,0.1331299990415573,0.0536112897098064,-0.1420711427927017,0.9884435534477234,-0.1545996367931366,0.0255130268633365,-0.0295870136469602,0.9574260711669922,0.0882378742098808,0.0643951445817947,-0.1597993373870849,0.989454746246338,-0.1291524767875671,0.0083161210641264,-0.0589168556034565,0.9625161290168762,0.1300758123397827,0.034902386367321,-0.1383261680603027,0.9808512330055236,-0.1508008688688278,-0.0138470008969306,-0.0155456280335783,0.9492744207382202,0.0765413045883178,0.0111964335665106,-0.0405633933842182,0.9999793171882628,-0.0739940106868743,-0.0137433838099241,0.0424534901976585,0.9999719858169556,0.0866325050592422,0.4046769738197326,-0.044663842767477,0.9814101457595824,0.0046124467626214,0.3339865207672119,0.1708248257637024,0.7924959659576416,0.1465736478567123,0.7386159300804138,0.1299989074468612,0.9843512773513794,0.0170987825840711,0.7149906754493713,0.3605599403381347,0.9413057565689088,0.1296707242727279,0.775538980960846,0.1482430696487426,0.869887113571167,0.0124606564640998,0.7479431629180908,0.3408569395542145,0.8878044486045837,0.0278589930385351,0.8012401461601257,0.0794960111379623,0.9849515557289124,-0.0769999921321868,0.7483747005462646,0.2905379831790924,0.9612472653388976
0.0216068495064973,-0.6359394192695618,-0.3298813104629516,0.9999899864196776,0.0432434789836406,-0.6517170071601868,-0.3234031498432159,0.999984085559845,0.0450364165008068,-0.6507441401481628,-0.3097754120826721,0.999984323978424,0.0438172966241836,-0.6509475111961365,-0.3122287392616272,0.99998676776886,0.0218320470303297,-0.6603484749794006,-0.3264746367931366,0.9999870657920836,0.0208048168569803,-0.6601884961128235,-0.3390646278858185,0.999987781047821,0.0258436426520347,-0.6456698179244995,-0.3179605901241302,0.9999895095825196,0.111542597413063,-0.6302332282066345,-0.2201303839683532,0.9999879598617554,-0.0320608280599117,-0.5984398126602173,-0.1951891034841537,0.9999570846557616,0.0597963407635688,-0.6203098893165588,-0.2824681997299194,0.999986469745636,0.0222058966755867,-0.5912777781486511,-0.2988716661930084,0.9999815821647644,0.1729384660720825,-0.4503644108772278,-0.1552521586418151,0.9999962449073792,-0.0807279050350189,-0.533286452293396,0.0422473661601543,0.9999796748161316,0.1829057335853576,-0.2432319223880767,-0.1551103889942169,0.9968207478523254,-0.0905836001038551,-0.2178465127944946,0.069768339395523,0.7177488207817078,0.1459980607032776,-0.0003752642369363,-0.1301081627607345,0.9944100379943848,-0.1606261432170868,-0.023433456197381,0.0015534498961642,0.9642170071601868,0.13314950466156,0.0534512996673584,-0.1384074389934539,0.9885665774345398,-0.1536977887153625,0.0241259653121233,-0.036607839167118,0.9599817395210266,0.0884323790669441,0.0637340098619461,-0.1568768322467804,0.9895852208137512,-0.1278456896543502,0.006732712034136,-0.0658085644245147,0.9647795557975768,0.1303926408290863,0.0345818884670734,-0.1355658918619156,0.9811874628067015,-0.1499751657247543,-0.0149009758606553,-0.0214030053466558,0.952196717262268,0.076926976442337,0.0110862981528043,-0.0386916510760784,0.9999787211418152,-0.0743562132120132,-0.0136106265708804,0.040595456957817,0.9999711513519288,0.0873858109116554,0.4043683409690857,-0.0443196408450603,0.9824990034103394,0.0046446579508483,0.3339547514915466,0.1661507338285446,0.8018073439598083,0.1457574516534805,0.739681601524353,0.1300882995128631,0.9850736856460572,0.0151905668899416,0.7150521874427795,0.353787899017334,0.9445956349372864,0.1286388933658599,0.7767646312713623,0.1483564674854278,0.8732911944389343,0.0102220633998513,0.748041570186615,0.3335731327533722,0.8912433981895447,0.0279112439602613,0.8021718859672546,0.0797097161412239,0.985600471496582,-0.0778547823429107,0.748223602771759,0.2800172865390777,0.9630773067474364
0.020673744380474,-0.6356214880943298,-0.3300327658653259,0.9999899864196776,0.0429364331066608,-0.6512942910194397,-0.3234568238258362,0.999983847141266,0.0447793714702129,-0.6503204107284546,-0.3098273873329162,0.999984085559845,0.0435223840177059,-0.6505042910575867,-0.312294453382492,0.9999865293502808,0.0214279349893331,-0.6600267291069031,-0.327000617980957,0.9999870657920836,0.0204490404576063,-0.659850001335144,-0.339599072933197,0.999987781047821,0.0254896227270364,-0.6453762650489807,-0.3185074627399444,0.9999895095825196,0.1129089966416359,-0.6302478313446045,-0.2204738855361938,0.9999878406524658,-0.0306672435253858,-0.5984455347061157,-0.1960917860269546,0.9999573230743408,0.059585902839899,-0.6201925277709961,-0.2824761867523193,0.9999864101409912,0.0219738986343145,-0.5911778211593628,-0.2994585037231445,0.9999817609786988,0.1742099225521087,-0.4505322277545929,-0.1541535407304763,0.9999961853027344,-0.0809159353375434,-0.5335355401039124,0.040521040558815,0.999979555606842,0.1843341290950775,-0.2430002689361572,-0.153885155916214,0.996859848499298,-0.090818740427494,-0.2180958986282348,0.0670895203948021,0.7339456677436829,0.1467606574296951,-0.0003834639501292,-0.1295120865106582,0.9945057034492492,-0.1599327772855758,-0.0236569810658693,-0.0019918715115636,0.9664556384086608,0.1333589702844619,0.053438201546669,-0.1378205716609954,0.9887277483940125,-0.1528177857398986,0.0238140206784009,-0.0404826961457729,0.9623271822929382,0.088851474225521,0.0634890049695968,-0.1564010679721832,0.989747166633606,-0.126582458615303,0.006325933150947,-0.06965371966362,0.9668542742729188,0.1310914605855941,0.0344959199428558,-0.134994551539421,0.9815557599067688,-0.1491087526082992,-0.0151737285777926,-0.0249085519462823,0.9548768997192384,0.0772112682461738,0.0110415751114487,-0.0375015623867511,0.999978244304657,-0.0746251195669174,-0.0135550191625952,0.0394032746553421,0.999970555305481,0.0881916880607605,0.4043438136577606,-0.0442402809858322,0.983475923538208,0.0046312431804835,0.3339267671108246,0.1615966409444809,0.8107178807258606,0.1456196755170822,0.7409628629684448,0.1295334100723266,0.9857666492462158,0.0148028433322906,0.715077817440033,0.3471724092960357,0.9476556181907654,0.1284553855657577,0.7781845331192017,0.1477011442184448,0.8768674731254578,0.0098398039117455,0.7480869293212891,0.3266741931438446,0.8946724534034729,0.0284824557602405,0.8035189509391785,0.0789333060383796,0.9862306714057922,-0.0778752341866493,0.7481889724731445,0.2719269096851349,0.9648169875144958
0.0155366770923137,-0.6350236535072327,-0.3317011892795563,0.9999903440475464,0.0387166142463684,-0.6505901217460632,-0.3249973356723785,0.999984323978424,0.0405688844621181,-0.6496003866195679,-0.3113608658313751,0.9999845623970032,0.0392998903989791,-0.6497890949249268,-0.3138439357280731,0.9999868869781494,0.0173168368637561,-0.659568727016449,-0.3287258446216583,0.999987542629242,0.0163421835750341,-0.6593737602233887,-0.3413164317607879,0.9999882578849792,0.0213837586343288,-0.6449651718139648,-0.3202160894870758,0.9999898672103882,0.1124756559729576,-0.6297829747200012,-0.2209201157093048,0.9999881982803344,-0.0308043751865625,-0.5983735918998718,-0.1966770887374878,0.9999589920043944,0.0559734851121902,-0.61965012550354,-0.283779889345169,0.9999868273735046,0.0184157248586416,-0.5908094048500061,-0.3011281490325928,0.999982476234436,0.1744050681591034,-0.4503312408924103,-0.1546511650085449,0.9999961853027344,-0.0810196995735168,-0.5335708856582642,0.0398854501545429,0.9999799132347108,0.1852565258741378,-0.2423948496580124,-0.1534998416900634,0.996932327747345,-0.0913563445210456,-0.2182845026254654,0.0666016861796379,0.7491133809089661,0.1479603201150894,-0.0001183065396617,-0.1267845779657364,0.9946590065956116,-0.1598044484853744,-0.0236368775367736,-0.0043972530402243,0.9685890078544616,0.1341906785964965,0.0536928363144397,-0.1346162110567093,0.9889867901802064,-0.1525593847036361,0.0238703954964876,-0.0431558713316917,0.9645487666130066,0.0900636240839958,0.0635851845145225,-0.1533904820680618,0.9899946451187134,-0.1259646266698837,0.0063904905691742,-0.0722877606749534,0.9688178896903992,0.1323381960391998,0.0346409752964973,-0.1321729868650436,0.9820504784584044,-0.1488044112920761,-0.015130671672523,-0.0273697674274444,0.9574225544929504,0.077466994524002,0.0110280010849237,-0.0368346869945526,0.999978005886078,-0.0748844072222709,-0.0135379470884799,0.0387437418103218,0.999970316886902,0.0886315032839775,0.4044192135334015,-0.0441621057689189,0.9843680262565612,0.004564166534692,0.3339022099971771,0.1585326939821243,0.8194789290428162,0.1456168293952942,0.7415525317192078,0.1283627152442932,0.9864256381988524,0.0146760232746601,0.7148898243904114,0.3439853191375732,0.9504497051239014,0.1284375935792923,0.7788087129592896,0.1463141292333603,0.8804574012756348,0.0097652841359376,0.7478688955307007,0.3235825002193451,0.897942841053009,0.0285904072225093,0.8039751648902893,0.0764470845460891,0.9868488311767578,-0.0775569751858711,0.7480087280273438,0.2684344947338104,0.9664661288261414
0.0143277617171406,-0.6350829601287842,-0.33161062002182,0.999990701675415,0.0368418395519256,-0.650626540184021,-0.3249142467975616,0.999984860420227,0.0386884324252605,-0.6496322751045227,-0.3112845420837402,0.9999850392341614,0.0374404415488243,-0.6498295664787292,-0.3137704133987427,0.9999873042106628,0.0157170612365007,-0.659716010093689,-0.3284246623516083,0.9999880194664,0.014761185273528,-0.6595212817192078,-0.3410198092460632,0.9999886751174928,0.0197933334857225,-0.6451193690299988,-0.3199284374713897,0.9999902248382568,0.1116777434945106,-0.629775881767273,-0.221450924873352,0.9999885559082032,-0.031087065115571,-0.5985507965087891,-0.1952134668827057,0.9999603629112244,0.0546455681324005,-0.6196434497833252,-0.283761978149414,0.9999871850013732,0.0173904281109571,-0.5908653736114502,-0.3008810579776764,0.9999830722808838,0.1743684113025665,-0.4501745700836181,-0.1551518589258194,0.9999961853027344,-0.080813854932785,-0.5336154103279114,0.040749691426754,0.9999801516532898,0.1852302104234695,-0.2422808557748794,-0.1549095511436462,0.9969675540924072,-0.0914029702544212,-0.2185019254684448,0.0670629516243934,0.7584202885627747,0.1480106264352798,-0.0001635453954804,-0.1283728033304214,0.9947363138198853,-0.1596534848213195,-0.0236391983926296,-0.0031884228810667,0.9699286222457886,0.1342485547065735,0.0536457151174545,-0.1365279406309127,0.9891228079795836,-0.1523486673831939,0.0239312518388032,-0.0416561178863048,0.965920090675354,0.0902235954999923,0.0635831728577613,-0.155069962143898,0.9901231527328492,-0.1256345063447952,0.0064675221219658,-0.0708853155374527,0.9700337648391724,0.132423996925354,0.0345781967043876,-0.1337337791919708,0.9823052287101746,-0.1485479176044464,-0.0151181314140558,-0.026215786114335,0.9589924812316896,0.0775826126337051,0.0110351052135229,-0.0368956997990608,0.9999780654907228,-0.0750042274594307,-0.0135403983294963,0.0388034544885158,0.9999703764915466,0.0885425060987472,0.4044825136661529,-0.0441206023097038,0.9850480556488036,0.0045304498635232,0.333806425333023,0.1593287587165832,0.8256706595420837,0.1456825733184814,0.7415612936019897,0.128397136926651,0.9869123101234436,0.014713549055159,0.7144413590431213,0.3446725010871887,0.9525633454322816,0.1285237371921539,0.778806746006012,0.146349087357521,0.8828616142272949,0.0098347952589392,0.747353732585907,0.3242550492286682,0.9003427028656006,0.0289260428398847,0.8039414286613464,0.0764589831233024,0.98729407787323,-0.0771519243717193,0.7476742267608643,0.2694631218910217,0.9676777720451356
0.0030149228405207,-0.6350564360618591,-0.3316966593265533,0.999991238117218,0.0284956004470586,-0.650610625743866,-0.325465440750122,0.9999857544898988,0.0303510893136262,-0.6496058106422424,-0.3118667602539062,0.9999858736991882,0.0291203260421752,-0.6498159170150757,-0.3143390119075775,0.9999880194664,0.0072814738377928,-0.6597481966018677,-0.328256756067276,0.9999886751174928,0.0062274830415844,-0.6595538854598999,-0.3408551812171936,0.9999893307685852,0.011301215738058,-0.6451433897018433,-0.3197605907917022,0.9999907612800598,0.1113364920020103,-0.6296203136444092,-0.2249960303306579,0.9999892115592957,-0.0317802019417285,-0.5986229777336121,-0.1940366625785827,0.9999625086784364,0.0472396612167358,-0.6194656491279602,-0.2846902310848236,0.9999878406524658,0.0093881748616695,-0.5908361673355103,-0.300700843334198,0.9999839067459106,0.1741878092288971,-0.4497921168804168,-0.157895416021347,0.9999962449073792,-0.0802586451172828,-0.5336157083511353,0.0421582870185375,0.9999805092811584,0.1849799454212188,-0.2421857267618179,-0.1620257645845413,0.9970203042030334,-0.0913425981998443,-0.2187069654464721,0.0711730197072029,0.7629519701004028,0.1480248421430587,-0.0001837644813349,-0.135279893875122,0.9948359131813048,-0.1594229489564895,-0.0236757453531026,0.0016365913907065,0.9706579446792604,0.1343758106231689,0.0536081120371818,-0.1444058269262313,0.9893153309822084,-0.1520313471555709,0.023941121995449,-0.0359734892845153,0.9666751623153688,0.090356521308422,0.0636508241295814,-0.1620429158210754,0.9902966022491456,-0.1253422349691391,0.0064808805473148,-0.0653270035982132,0.9707033038139344,0.1324572563171386,0.0345644056797027,-0.1402400881052017,0.9826117753982544,-0.1482848525047302,-0.0151318479329347,-0.0215163417160511,0.9598652124404908,0.0775982663035392,0.0110709313303232,-0.0372062250971794,0.9999781847000122,-0.0750214830040931,-0.0135751347988843,0.0390922203660011,0.9999704360961914,0.0884186774492263,0.404295951128006,-0.0440031997859478,0.9856573939323424,0.0044285003095865,0.3330459594726562,0.1623695492744445,0.8306905627250671,0.1457623839378357,0.7411505579948425,0.128410518169403,0.9874171018600464,0.014936595223844,0.7132472991943359,0.350817322731018,0.9543458223342896,0.1286449879407882,0.7784086465835571,0.146339401602745,0.8862429857254028,0.0101638697087764,0.7460576295852661,0.3308598697185516,0.9028543829917908,0.0289922840893268,0.8036403656005859,0.0764235183596611,0.9877777099609376,-0.0766913220286369,0.7471861839294434,0.2792316675186157,0.968761682510376
-0.016177574172616,-0.6350605487823486,-0.3316180408000946,0.999991774559021,0.01232167519629,-0.6506269574165344,-0.3255150020122528,0.9999866485595704,0.0141692385077476,-0.6496143341064453,-0.3119284212589264,0.9999867081642152,0.0129741141572594,-0.6498380303382874,-0.3144019544124603,0.9999887347221376,-0.0087608806788921,-0.6599259376525879,-0.3277131617069244,0.9999893307685852,-0.0099667543545365,-0.6597389578819275,-0.3403304517269134,0.9999899864196776,-0.0048121032305061,-0.6452983021736145,-0.3192251324653625,0.9999912977218628,0.1074421405792236,-0.6295729279518127,-0.2281462550163269,0.9999898672103882,-0.0351608768105506,-0.5990378856658936,-0.1895470917224884,0.9999645948410034,0.032456986606121,-0.6193835735321045,-0.2849969267845154,0.9999884366989136,-0.0056483396328985,-0.5908532738685608,-0.300093412399292,0.9999846816062928,0.173021987080574,-0.4496193528175354,-0.1606674343347549,0.999996304512024,-0.0802316293120384,-0.5338341593742371,0.0463167168200016,0.9999808669090272,0.184304654598236,-0.242279976606369,-0.1690116822719574,0.9970903992652892,-0.0913903638720512,-0.2192921489477157,0.0776421055197715,0.7650232911109924,0.1479385048151016,-0.0002716713352128,-0.1430761665105819,0.9949593544006348,-0.1595848798751831,-0.0244302619248628,0.0061818226240575,0.9711653590202332,0.1343879699707031,0.053566962480545,-0.15372134745121,0.9895570874214172,-0.1522818654775619,0.023383917286992,-0.030840691179037,0.9672098755836488,0.0902829840779304,0.0638965889811515,-0.1704818904399871,0.9905116558074952,-0.1257820278406143,0.005953025072813,-0.060356605798006,0.9711750149726868,0.1323560774326324,0.0345451012253761,-0.1477587521076202,0.9829761385917664,-0.1484606117010116,-0.0157800018787384,-0.0170601904392242,0.960495114326477,0.0776072368025779,0.0111256605014204,-0.0379166491329669,0.9999783635139464,-0.0750323385000228,-0.0136242974549531,0.0397936031222343,0.9999706149101256,0.0884022191166877,0.4042820334434509,-0.042841337621212,0.9860994219779968,0.0044100196100771,0.33290696144104,0.16864675283432,0.8339908719062805,0.146342322230339,0.7401173114776611,0.1316203027963638,0.9877294301986694,0.015554835088551,0.7119429111480713,0.3637764453887939,0.9553653001785278,0.1293225139379501,0.7773155570030212,0.1497453302145004,0.8884695768356323,0.0109516903758049,0.7445605397224426,0.3446213603019714,0.9045162796974182,0.0291371550410985,0.8026138544082642,0.0803215354681015,0.9880680441856384,-0.076338842511177,0.7460799217224121,0.297614723443985,0.9693562984466552
-0.0318811424076557,-0.6365541815757751,-0.3280179798603058,0.9999921917915344,-0.0014735622098669,-0.6521372199058533,-0.3235939741134643,0.9999873042106628,0.0003256417694501,-0.651093065738678,-0.3100556135177612,0.9999873638153076,-0.0008067504968494,-0.6514255404472351,-0.3125819265842438,0.9999893307685852,-0.0219365395605564,-0.6621499061584473,-0.3225179016590118,0.9999898672103882,-0.023243810981512,-0.661978542804718,-0.3351320624351501,0.999990463256836,-0.0180456675589084,-0.647427499294281,-0.3140763938426971,0.9999917149543762,0.1024274304509162,-0.6299028396606445,-0.2290524989366531,0.9999904036521912,-0.0375844575464725,-0.6006521582603455,-0.1801778227090835,0.9999662637710572,0.0193672366440296,-0.6200739741325378,-0.2840923070907593,0.9999889135360718,-0.0181347969919443,-0.5920892953872681,-0.2952350080013275,0.9999852776527404,0.1719541102647781,-0.4495247602462768,-0.1622479856014251,0.9999963641166688,-0.0801309943199157,-0.5341800451278687,0.0539168268442153,0.9999811053276062,0.1841922551393509,-0.2425050586462021,-0.1723363697528839,0.9971563816070556,-0.0916141718626022,-0.2204009741544723,0.0868510976433754,0.7640804052352905,0.1479397714138031,-0.0003160381456837,-0.1449821442365646,0.9950701594352722,-0.1598751842975616,-0.0253776814788579,0.0126687148585915,0.9710983037948608,0.1344184428453445,0.0535669960081577,-0.1560419648885727,0.9897747039794922,-0.1526394635438919,0.0229000467807054,-0.0238588731735944,0.9671539664268494,0.0902430787682533,0.064390480518341,-0.1724452674388885,0.990702211856842,-0.1262103468179702,0.0055160191841423,-0.0534687526524066,0.9711133241653442,0.132348895072937,0.0345388315618038,-0.1495305746793747,0.9832963943481444,-0.1487067937850952,-0.0165599025785923,-0.010610768571496,0.960475504398346,0.0775835365056991,0.0111613655462861,-0.0392333455383777,0.9999787211418152,-0.0750170573592186,-0.0136564904823899,0.0410850793123245,0.9999710321426392,0.0882665738463401,0.4042617976665497,-0.0400341041386127,0.98640775680542,0.0045171212404966,0.3327901661396026,0.1764779090881347,0.8357123136520386,0.1481972634792328,0.738776445388794,0.1361252665519714,0.988004744052887,0.0177261810749769,0.7115820646286011,0.3741610944271087,0.9560776352882384,0.1314936727285385,0.7757965922355652,0.154283344745636,0.8902623057365417,0.0135394157841801,0.7441661953926086,0.3550804853439331,0.9058239459991456,0.0298213921487331,0.7999997735023499,0.0844681859016418,0.9883081912994384,-0.0755147486925125,0.7456812858581543,0.3099748492240906,0.9697943329811096
-0.0614653117954731,-0.6379896998405457,-0.3233852982521057,0.9999918341636658,-0.0278727747499942,-0.6533874869346619,-0.3226402401924133,0.9999868869781494,-0.0261561162769794,-0.6522822380065918,-0.3091115355491638,0.9999869465827942,-0.0272579956799745,-0.6527620553970337,-0.3117557168006897,0.9999889731407166,-0.0456776246428489,-0.664158821105957,-0.3173991441726684,0.9999894499778748,-0.0468830242753028,-0.6640048623085022,-0.3301224410533905,0.9999900460243224,-0.0415562950074672,-0.6493756771087646,-0.3090146780014038,0.9999914169311525,0.0893778651952743,-0.6298158168792725,-0.2417681664228439,0.999990165233612,-0.0390125066041946,-0.6014378070831299,-0.1742783635854721,0.9999653100967408,-0.0060900510288774,-0.6204482316970825,-0.2839359939098358,0.999988615512848,-0.0397536046802997,-0.5930612087249756,-0.2904023826122284,0.9999848008155824,0.1691770553588867,-0.4485251605510711,-0.1733998954296112,0.999996304512024,-0.078220710158348,-0.5342998504638672,0.0563176348805427,0.9999811053276062,0.1829118728637695,-0.2426567375659942,-0.1873917430639267,0.9971014857292176,-0.0910746827721595,-0.2222221195697784,0.0917248204350471,0.7537155151367188,0.1476262658834457,-0.0005255000432953,-0.1590022146701812,0.99496328830719,-0.1603281795978546,-0.0260723195970058,0.0155842490494251,0.9693796634674072,0.1344113498926162,0.0534944683313369,-0.1711524128913879,0.9895958304405212,-0.1534738689661026,0.0227963216602802,-0.0205501578748226,0.9652793407440186,0.0901415646076202,0.064628928899765,-0.1869626641273498,0.9905248284339904,-0.1273407936096191,0.0054974579252302,-0.0504967756569385,0.9694639444351196,0.1321275383234024,0.0344656445086002,-0.1635769307613372,0.9829293489456176,-0.1491592079401016,-0.0169389192014932,-0.0079286377876997,0.9584516286849976,0.0771854072809219,0.0112150944769382,-0.0411550067365169,0.9999790787696838,-0.0746947526931762,-0.0137198464944958,0.0429608412086963,0.9999716281890868,0.0863763317465782,0.404319554567337,-0.033309381455183,0.9854980111122132,0.0046814340166747,0.3329392969608307,0.1853561103343963,0.8280791640281677,0.1490240842103958,0.7372216582298279,0.1430415213108062,0.9875802993774414,0.0202798172831535,0.7115812301635742,0.3829986751079559,0.9536631107330322,0.1324780136346817,0.7737716436386108,0.1608488708734512,0.887377142906189,0.0165615957230329,0.7441554665565491,0.3638725280761719,0.9027004837989808,0.0298241302371025,0.7958738803863525,0.0891684517264366,0.9878756403923036,-0.0747343972325325,0.7455439567565918,0.3196394741535187,0.9683398604393004
-0.0798685476183891,-0.6399073004722595,-0.3150318264961242,0.999990940093994,-0.0445563532412052,-0.655117392539978,-0.3188270926475525,0.999985694885254,-0.0428940281271934,-0.6539167761802673,-0.3053353130817413,0.9999858140945436,-0.0439467541873455,-0.654575765132904,-0.308229386806488,0.9999880194664,-0.0608529485762119,-0.6665704250335693,-0.3089011609554291,0.999988317489624,-0.0619876310229301,-0.6664450764656067,-0.3217367231845855,0.9999890327453612,-0.0565293617546558,-0.6517547369003296,-0.3005985915660858,0.9999905824661256,0.0795370489358902,-0.6297858357429504,-0.2486796081066131,0.99998939037323,-0.0396931953728199,-0.6024622917175293,-0.1661349982023239,0.9999628067016602,-0.0224122162908315,-0.6211446523666382,-0.2819044291973114,0.9999879002571106,-0.0536032579839229,-0.5944051742553711,-0.2823355197906494,0.9999837279319764,0.1673435866832733,-0.4475126266479492,-0.1796547919511795,0.9999962449073792,-0.0754256546497345,-0.5344103574752808,0.0597667880356311,0.9999810457229614,0.1823571920394897,-0.2428050190210342,-0.1981011629104614,0.9970325231552124,-0.0886289849877357,-0.2228968739509582,0.0959246531128883,0.7407591938972473,0.1475209146738052,-0.0010264153825119,-0.1731068938970565,0.9949123859405518,-0.1602968871593475,-0.0264470633119344,0.0171496998518705,0.9676761627197266,0.13447105884552,0.0531662963330745,-0.1864996552467346,0.9895449876785278,-0.1535596847534179,0.0227473601698875,-0.0189760625362396,0.9634953737258912,0.0901326760649681,0.0646446272730827,-0.201980859041214,0.9904668927192688,-0.1276029646396637,0.0054797059856355,-0.0492363721132278,0.9679192304611206,0.1320687383413314,0.0341398604214191,-0.1778446733951568,0.9827476739883424,-0.1491416692733764,-0.01712366938591,-0.0065058511681854,0.9565380811691284,0.0766566023230552,0.0113155916333198,-0.0429635792970657,0.9999794363975524,-0.0742533430457115,-0.0138330031186342,0.044732354581356,0.99997216463089,0.0855123028159141,0.404500663280487,-0.0292232874780893,0.9839420914649964,0.004771749023348,0.3330765068531036,0.1903905123472213,0.8161655068397522,0.1499718576669693,0.7367849349975586,0.1447503268718719,0.986909568309784,0.0226500835269689,0.7117509841918945,0.3879514038562774,0.9494677782058716,0.1333543807268142,0.7730753421783447,0.1621593236923217,0.8829361200332642,0.0192969851195812,0.7442902326583862,0.3686954081058502,0.8975744843482971,0.0294645726680755,0.7930997610092163,0.0892840847373008,0.9872632622718812,-0.0743050724267959,0.745509147644043,0.3251179158687591,0.966067910194397
-0.0972099006175994,-0.6422103047370911,-0.2941704094409942,0.9999862313270568,-0.0599383562803268,-0.6572571396827698,-0.3055272102355957,0.9999788999557496,-0.0585096031427383,-0.6559690237045288,-0.2921725809574127,0.9999793171882628,-0.0594094060361385,-0.6568145155906677,-0.2954861521720886,0.9999827146530152,-0.0726583302021026,-0.6697132587432861,-0.2903342843055725,0.9999823570251464,-0.0738171488046646,-0.6696839332580566,-0.3032750487327575,0.999983847141266,-0.0680531114339828,-0.6548000574111938,-0.2821897268295288,0.9999865889549256,0.0682768672704696,-0.6297837495803833,-0.2548251450061798,0.9999855756759644,-0.0380870960652828,-0.6046350002288818,-0.155333936214447,0.9999515414237976,-0.0386751033365726,-0.622106671333313,-0.2708829045295715,0.9999845623970032,-0.0649297535419464,-0.5963118672370911,-0.2639340758323669,0.9999790191650392,0.164888396859169,-0.447279691696167,-0.1868548542261123,0.9999960064888,-0.0695730671286583,-0.535906970500946,0.0644181072711944,0.9999805688858032,0.1821560710668563,-0.2435849606990814,-0.2095684558153152,0.9968831539154052,-0.0844896733760833,-0.2241956144571304,0.1009010896086692,0.7225033640861511,0.1471452265977859,-0.0020026969723403,-0.1840739250183105,0.9947613477706908,-0.1598801761865615,-0.0279959123581647,0.0197006147354841,0.9658889770507812,0.1344592124223709,0.0520940646529197,-0.1976977884769439,0.989315390586853,-0.1534197926521301,0.0209209807217121,-0.0165192168205976,0.9617313742637634,0.08995221555233,0.0644518435001373,-0.2118455320596695,0.9902284145355223,-0.127622053027153,0.0036354172043502,-0.0469864569604396,0.9664144515991212,0.1318435221910476,0.033400259912014,-0.1883930712938308,0.9821701645851136,-0.1489186882972717,-0.0185520723462104,-0.0039674644358456,0.9545950293540956,0.0756733790040016,0.011432385072112,-0.0450877994298934,0.9999799728393556,-0.0734176114201545,-0.0139760328456759,0.0467637293040752,0.9999728798866272,0.085437387228012,0.4049315452575683,-0.0151809277012944,0.9814573526382446,0.0049502938054502,0.3333860337734222,0.201058343052864,0.8001523017883301,0.1513593643903732,0.7358450293540955,0.163592129945755,0.9858990907669068,0.0248026214540004,0.7118524312973022,0.4054864346981048,0.9429622888565063,0.134385272860527,0.7715941071510315,0.1811219602823257,0.8757503032684326,0.0216284599155187,0.7443807125091553,0.3865696787834167,0.8901134729385376,0.0296177919954061,0.7907326817512512,0.1066239029169082,0.9862513542175292,-0.0742943286895752,0.7455328702926636,0.3459735512733459,0.9626177549362184
-0.1107087507843971,-0.6428784728050232,-0.2844800055027008,0.9999803900718688,-0.0725170150399208,-0.6578723788261414,-0.300380527973175,0.9999709129333496,-0.0713191777467727,-0.6565306186676025,-0.2871086001396179,0.9999716877937316,-0.0721386969089508,-0.6574884653091431,-0.2905592024326324,0.9999766945838928,-0.0818843990564346,-0.670741617679596,-0.2826846241950989,0.9999752640724182,-0.0830163657665252,-0.6708129048347473,-0.2956523299217224,0.999977707862854,-0.0770466774702072,-0.6557825207710266,-0.2745238840579986,0.9999819993972778,0.0576014071702957,-0.6290948987007141,-0.2683879733085632,0.9999815225601196,-0.0340149141848087,-0.6048574447631836,-0.1537154912948608,0.9999395608901978,-0.0514623150229454,-0.6221453547477722,-0.2665484249591827,0.9999812841415404,-0.0732363983988761,-0.5966223478317261,-0.2561757266521454,0.999974250793457,0.1599762141704559,-0.4462855160236358,-0.203398048877716,0.9999958276748656,-0.0625073686242103,-0.5363093614578247,0.0656769052147865,0.999980330467224,0.1809148341417312,-0.2438979297876358,-0.228908360004425,0.996778130531311,-0.0797042548656463,-0.2246719598770141,0.1034957468509674,0.7035830020904541,0.1464066356420517,-0.0028660150710493,-0.1983880996704101,0.9946361780166626,-0.1596091985702514,-0.028838887810707,0.0210730154067277,0.964286744594574,0.134438619017601,0.050572395324707,-0.2117609232664108,0.9890739917755128,-0.1533429473638534,0.0194538999348878,-0.0148096242919564,0.9600494503974916,0.0898301973938942,0.0638439431786537,-0.2245320230722427,0.9899651408195496,-0.1278852224349975,0.0022555259056389,-0.0457888431847095,0.964997410774231,0.1314871609210968,0.0326586663722991,-0.2022236734628677,0.9814900159835817,-0.1488629132509231,-0.0192994773387908,-0.0027870328631252,0.9527348279953004,0.0741366893053054,0.011552995070815,-0.0478616990149021,0.9999804496765136,-0.0720521882176399,-0.0141440127044916,0.049405001103878,0.9999735951423644,0.0851346999406814,0.4060072600841522,-0.0083723329007625,0.9785855412483216,0.0050674015656113,0.3335782587528229,0.2103274166584015,0.7812069058418274,0.1522701531648636,0.7353790402412415,0.1712284535169601,0.9847301244735718,0.0264777466654777,0.7119044661521912,0.4187917709350586,0.93397718667984,0.1350416243076324,0.7706421613693237,0.1886842101812362,0.8676654100418091,0.0233337339013814,0.7444256544113159,0.4001868963241577,0.8811331391334534,0.0296093951910734,0.788699746131897,0.1127624660730362,0.9850855469703674,-0.0743258073925972,0.745713472366333,0.3620054721832275,0.958051860332489
-0.122793398797512,-0.6429207921028137,-0.2685747146606445,0.999964952468872,-0.0846532508730888,-0.6579264402389526,-0.2907670140266418,0.9999490976333618,-0.0836614966392517,-0.6565670371055603,-0.2777048945426941,0.9999516010284424,-0.0844431146979332,-0.6575780510902405,-0.2812807559967041,0.9999610781669616,-0.0897154957056045,-0.6708757877349854,-0.27016282081604,0.9999555945396424,-0.0907145291566848,-0.6710202097892761,-0.2831423580646515,0.99996155500412,-0.0845429450273513,-0.6558882594108582,-0.26199671626091,0.9999700784683228,0.0449902899563312,-0.6279205679893494,-0.2798967063426971,0.9999723434448242,-0.0258718002587556,-0.6046414375305176,-0.1516893804073333,0.999910831451416,-0.0632392317056655,-0.622003972530365,-0.2578355967998504,0.99997478723526,-0.0793710425496101,-0.5965958833694458,-0.2436861842870712,0.9999648332595824,0.1539646089076995,-0.4459381103515625,-0.2196138650178909,0.9999957084655762,-0.0540115609765052,-0.5366281867027283,0.0665483921766281,0.999980092048645,0.1783795952796936,-0.2447472363710403,-0.2483624517917633,0.9966474771499634,-0.0737029835581779,-0.2249349355697631,0.1045332700014114,0.6784261465072632,0.144131064414978,-0.005153153091669,-0.2122307270765304,0.99440997838974,-0.1578257232904434,-0.029441051185131,0.0215465929359197,0.9611164331436156,0.1336333900690078,0.0467909574508667,-0.2250280529260635,0.988600492477417,-0.1514686942100525,0.0181451886892318,-0.0138629525899887,0.956820011138916,0.0888895690441131,0.0607404448091983,-0.2360998541116714,0.9894620180130004,-0.1276898086071014,0.0007917452603578,-0.0453485548496246,0.9622341394424438,0.1300726532936096,0.0303017627447843,-0.2153389602899551,0.9802691340446472,-0.1478504538536071,-0.0199262052774429,-0.0024666213430464,0.9491336941719056,0.0722558721899986,0.0116151925176382,-0.0499532297253608,0.999981164932251,-0.0703375861048698,-0.0142542328685522,0.0513419695198535,0.9999745488166808,0.0852140188217163,0.4082178175449371,-0.0014557770919054,0.9750314950942992,0.0054480824619531,0.3335479497909546,0.2167191803455352,0.7605578899383545,0.1528926342725753,0.7353836894035339,0.1828788518905639,0.983397901058197,0.0273057483136653,0.7121033668518066,0.4245491325855255,0.9241902232170104,0.1353985667228698,0.7704392075538635,0.2005494534969329,0.8580881953239441,0.0241180602461099,0.7446915507316589,0.4055519700050354,0.8711115717887878,0.0297146700322628,0.7876458168029785,0.1230124980211258,0.9837154746055604,-0.0743813440203666,0.7465586066246033,0.3667371869087219,0.953211784362793
-0.1291088163852691,-0.6428858637809753,-0.2539643943309784,0.9999508857727052,-0.0917338281869888,-0.6579511165618896,-0.280060201883316,0.9999293088912964,-0.0909300446510315,-0.6565789580345154,-0.2671463191509247,0.9999340176582336,-0.0916686952114105,-0.6576347947120667,-0.2707581222057342,0.9999472498893738,-0.0942471548914909,-0.6708884835243225,-0.2580152451992035,0.9999374151229858,-0.0951606482267379,-0.6710750460624695,-0.2709550857543945,0.9999470710754396,-0.0888503119349479,-0.6558676958084106,-0.2498617023229599,0.9999592304229736,0.0360632836818695,-0.627441942691803,-0.2845040559768677,0.9999653100967408,-0.0194388050585985,-0.6039395928382874,-0.1486075520515442,0.9998884797096252,-0.0695488229393959,-0.621752917766571,-0.2476983517408371,0.9999693632125854,-0.0822779163718223,-0.596325695514679,-0.2315944731235504,0.9999565482139589,0.1490558087825775,-0.4456903040409088,-0.2281238138675689,0.9999957084655762,-0.0468283854424953,-0.5367496013641357,0.0675531923770904,0.999979853630066,0.1750698536634445,-0.2450775206089019,-0.2576700747013092,0.99662047624588,-0.0683043003082275,-0.2251275926828384,0.1048998832702636,0.6560029983520508,0.1423427909612655,-0.0066407877020537,-0.2146757245063781,0.9943286180496216,-0.1545637995004654,-0.0303866025060415,0.0223978739231824,0.9578961730003356,0.1331312954425811,0.0443336106836795,-0.2259661257266998,0.9883811473846436,-0.1479293406009674,0.0165715292096138,-0.0121989520266652,0.9535984396934508,0.0886002629995346,0.0584315247833728,-0.2364764213562011,0.9891912937164308,-0.1262416541576385,-0.0010585266863927,-0.0439975410699844,0.959427297115326,0.1292013078927993,0.0286079160869121,-0.2173120081424713,0.9795486330986024,-0.1453997939825058,-0.0209783017635345,-0.001637352630496,0.9457288980484008,0.0703504458069801,0.0116885332390666,-0.0517019033432006,0.9999819397926332,-0.0685381740331649,-0.0143745439127087,0.0529089644551277,0.999975562095642,0.0852928608655929,0.410163402557373,0.0026073588524013,0.9732900857925416,0.0060618631541728,0.3334904909133911,0.2202551513910293,0.7478296160697937,0.1537709683179855,0.7354341745376587,0.1869408637285232,0.98303484916687,0.0285673104226589,0.7123339772224426,0.4272973835468292,0.918026089668274,0.1359754502773285,0.770328938961029,0.2045434117317199,0.8536494374275208,0.0253233630210161,0.7450476884841919,0.4079941213130951,0.865349531173706,0.0297556202858686,0.7868084907531738,0.1273530423641204,0.9832109212875366,-0.0743437334895134,0.7476935982704163,0.3709433674812317,0.9505290985107422
-0.1327159106731414,-0.6433570384979248,-0.2443173974752426,0.9999367594718932,-0.0955723747611045,-0.6587193012237549,-0.27169069647789,0.9999094009399414,-0.0947990044951438,-0.6573014855384827,-0.258880078792572,0.99991637468338,-0.0954723581671714,-0.6585068106651306,-0.2625046372413635,0.9999333620071412,-0.0970088317990303,-0.6716277003288269,-0.2492351084947586,0.999919295310974,-0.0978739559650421,-0.6719040274620056,-0.2620759904384613,0.9999327063560486,-0.0914980545639991,-0.6564775705337524,-0.2410808056592941,0.999948501586914,0.0315910056233406,-0.6274484992027283,-0.2849016785621643,0.999958336353302,-0.0158728286623954,-0.6037658452987671,-0.1442173421382904,0.999867856502533,-0.0730090513825416,-0.6218295693397522,-0.2397518754005432,0.9999640583992004,-0.0841965600848198,-0.5963391065597534,-0.2229294776916504,0.9999485611915588,0.1458936780691146,-0.4456053078174591,-0.2298571616411209,0.9999956488609314,-0.0418247617781162,-0.5368739366531372,0.0698333829641342,0.999979555606842,0.1730795204639434,-0.2451469451189041,-0.2608202695846557,0.9965990781784058,-0.0653283670544624,-0.2256995886564254,0.1073923483490943,0.6359782218933105,0.1410995721817016,-0.0068367919884622,-0.2172788828611374,0.994297742843628,-0.1527564525604248,-0.0323157794773578,0.0263740364462137,0.955635130405426,0.1326975524425506,0.0439852885901927,-0.228210374712944,0.9882895946502686,-0.1461118906736374,0.014052240177989,-0.0069886469282209,0.951431691646576,0.0882865637540817,0.0582181960344314,-0.2382184565067291,0.9890449643135072,-0.1255207508802414,-0.003734168363735,-0.0393133908510208,0.9575297236442566,0.1284768432378769,0.0283691212534904,-0.2197292000055313,0.9790962338447572,-0.1441023200750351,-0.0230932589620351,0.0023148888722062,0.9434898495674132,0.0685834288597107,0.0117441527545452,-0.0531307682394981,0.9999826550483704,-0.0668048486113548,-0.0144756939262151,0.054169837385416,0.9999764561653136,0.0854263231158256,0.4117482900619507,0.0051271840929985,0.9717312455177308,0.0074238930828869,0.3334828615188598,0.2213955223560333,0.7363198399543762,0.1547731012105941,0.7357666492462158,0.1870864182710647,0.9828662872314452,0.0299401991069316,0.712942898273468,0.4263278841972351,0.912744641304016,0.1367356926202774,0.7703492641448975,0.2044242024421692,0.850490152835846,0.0265806056559085,0.7458269000053406,0.4067017436027527,0.8603930473327637,0.0303360484540462,0.7863749265670776,0.1276322156190872,0.9829043745994568,-0.0741980969905853,0.7490315437316895,0.3703961968421936,0.9484301805496216
-0.1377808153629303,-0.6434425115585327,-0.2365913689136505,0.9999234080314636,-0.1008056849241256,-0.6589927673339844,-0.2653713524341583,0.999890923500061,-0.1001377403736114,-0.6575520634651184,-0.2525977492332458,0.9999001622200012,-0.1008195877075195,-0.6588393449783325,-0.2562112212181091,0.9999207258224488,-0.100856140255928,-0.6718544363975525,-0.24229097366333,0.9999021291732788,-0.1017218902707099,-0.6721928119659424,-0.2551586627960205,0.9999189972877502,-0.095254547894001,-0.6566218137741089,-0.2341612875461578,0.9999383091926576,0.0263206847012043,-0.6274113655090332,-0.2860691845417022,0.9999525547027588,-0.0135828051716089,-0.6032133102416992,-0.1408107727766037,0.999849498271942,-0.0777133256196975,-0.6218030452728271,-0.2338600903749466,0.9999591708183287,-0.0870757102966308,-0.5962558388710022,-0.2161041051149368,0.999940812587738,0.1420712769031524,-0.4454858005046844,-0.2349960207939148,0.9999956488609314,-0.0371045395731925,-0.5368857383728027,0.0720152035355568,0.9999791979789734,0.1698578596115112,-0.2453967630863189,-0.27018803358078,0.9966084361076356,-0.0593640841543674,-0.226394921541214,0.1095507219433784,0.6118794679641724,0.1396943777799606,-0.0081630516797304,-0.2226418256759643,0.9942671656608582,-0.1484003067016601,-0.0362531132996082,0.0307981763035058,0.9519954323768616,0.1322863548994064,0.0420343652367591,-0.2328579276800155,0.9881861209869384,-0.1419149339199066,0.0091456044465303,-0.0011663798941299,0.9480357766151428,0.0880613699555397,0.0566102676093578,-0.2420603334903717,0.9888827204704284,-0.1229171082377433,-0.0088097304105758,-0.0336828604340553,0.9545332193374634,0.1277093440294265,0.0269666388630867,-0.2246596366167068,0.9786249995231628,-0.14058518409729,-0.0273436065763235,0.0068567660637199,0.9400389194488524,0.0664588809013366,0.0117806773632764,-0.0551380217075347,0.9999834299087524,-0.0647057965397834,-0.0145460665225982,0.0560032650828361,0.99997740983963,0.0853564590215683,0.4122211933135986,0.0087485751137137,0.9701679944992064,0.0086882542818784,0.3329494893550873,0.2279478311538696,0.7215949892997742,0.1553309559822082,0.7353619337081909,0.1925011575222015,0.982629120349884,0.0327426604926586,0.7126826047897339,0.4353766441345215,0.9056503772735596,0.1372041553258896,0.7692756056785583,0.2100590914487838,0.8475834131240845,0.029432438313961,0.7456180453300476,0.4157986044883728,0.8548803925514221,0.0303475726395845,0.7847577929496765,0.1356913745403289,0.9825143814086914,-0.0735174864530563,0.749010443687439,0.3840489089488983,0.9454557299613952
-0.1411168426275253,-0.6433828473091125,-0.2361404448747635,0.9999130964279176,-0.1045474782586097,-0.6589888334274292,-0.2648130357265472,0.9998767375946044,-0.1039812043309211,-0.6575453877449036,-0.2520183622837066,0.9998873472213744,-0.1046909019351005,-0.6588478684425354,-0.255615621805191,0.999910831451416,-0.104209192097187,-0.6718230247497559,-0.2416934967041015,0.9998891949653624,-0.1050595939159393,-0.6721575260162354,-0.2546727359294891,0.999908447265625,-0.0986120179295539,-0.6565771102905273,-0.2335988879203796,0.999930739402771,0.0228285789489746,-0.6272972822189331,-0.2888656556606293,0.9999479055404664,-0.013190577737987,-0.6017757058143616,-0.1403568983078003,0.99983549118042,-0.0805742144584655,-0.6215254664421082,-0.2333047538995742,0.9999553561210632,-0.0893733352422714,-0.5957028865814209,-0.2155299335718155,0.9999349117279052,0.1393737643957138,-0.4453564286231994,-0.2410183697938919,0.9999956488609314,-0.0348912924528121,-0.5365089178085327,0.072436936199665,0.9999790191650392,0.1663646847009658,-0.2455964088439941,-0.2807609140872955,0.9966098070144652,-0.0569764859974384,-0.2263592183589935,0.1094883233308792,0.5901623368263245,0.1378914713859558,-0.0094945132732391,-0.2317979633808136,0.9941458702087402,-0.146315187215805,-0.0363944433629512,0.0308793447911739,0.9482406377792358,0.1315218061208725,0.0399989783763885,-0.2418530136346817,0.987884759902954,-0.1398226022720337,0.0090343290939927,-0.0010801691096276,0.944286286830902,0.0875858888030052,0.0547185987234115,-0.2503747045993805,0.9885290265083312,-0.1213408634066581,-0.0089090038090944,-0.0335644595324993,0.9512287378311156,0.1265273541212082,0.0255523417145013,-0.2334621250629425,0.977774739265442,-0.1387053430080413,-0.0274751801043748,0.0069196699187159,0.9361914396286012,0.0650251060724258,0.0117963887751102,-0.0567366704344749,0.9999841451644896,-0.0633026733994484,-0.0145697826519608,0.0575065352022647,0.9999783039093018,0.0854394808411598,0.4128800630569458,0.0145341642200946,0.9681480526924132,0.0093008102849125,0.3325456976890564,0.2363159656524658,0.7052479386329651,0.1563771069049835,0.7346032857894897,0.2030765265226364,0.9820775985717772,0.0341097302734851,0.7120605111122131,0.447888433933258,0.8970064520835876,0.1382005959749221,0.7678099274635315,0.2212463021278381,0.8425853848457336,0.0309132132679224,0.7450064420700073,0.4286893606185913,0.8479658961296082,0.0303706247359514,0.7828132510185242,0.1485326290130615,0.9817776083946228,-0.0729118138551712,0.7489389777183533,0.3989715576171875,0.9414554834365844
-0.143887773156166,-0.6436862945556641,-0.2297609895467758,0.9999047517776488,-0.1070363298058509,-0.6595205068588257,-0.2595824599266052,0.9998652338981628,-0.1065269634127616,-0.6580439209938049,-0.2468464523553848,0.9998763799667358,-0.1071994230151176,-0.6594832539558411,-0.2504814267158508,0.9999024271965028,-0.1061553061008453,-0.6722635626792908,-0.235722929239273,0.9998793601989746,-0.1069780066609382,-0.6726944446563721,-0.2487245500087738,0.9999004006385804,-0.1005723401904106,-0.6569436192512512,-0.227661058306694,0.9999251961708068,0.0205749738961458,-0.6273040771484375,-0.2882286608219147,0.9999436736106871,-0.0119635667651891,-0.6014897227287292,-0.1364913582801818,0.9998262524604796,-0.083289735019207,-0.6215417385101318,-0.2286009192466735,0.999951958656311,-0.0912307277321815,-0.5956848859786987,-0.2097249776124954,0.9999302625656128,0.1360144764184951,-0.4451960921287536,-0.2424370050430297,0.9999956488609314,-0.0311142075806856,-0.5363044738769531,0.0750224888324737,0.9999789595603944,0.1623572707176208,-0.2456074953079223,-0.28621906042099,0.996598482131958,-0.0539056174457073,-0.2264052182435989,0.1109160855412483,0.5699078440666199,0.1352611184120178,-0.0099262660369277,-0.2371375560760498,0.9940115213394164,-0.1444254219532013,-0.0366136655211448,0.0323051065206527,0.945341944694519,0.129962220788002,0.0393149033188819,-0.246987760066986,0.987571895122528,-0.1381877958774566,0.008853293955326,0.0005852116155438,0.9414073824882508,0.0865001752972602,0.0541841089725494,-0.2550513446331024,0.9881635308265686,-0.1199122667312622,-0.0089022777974605,-0.0319998599588871,0.9486926794052124,0.1245234534144401,0.0250671207904815,-0.2385167926549911,0.9769155383110046,-0.1369938999414444,-0.0276295412331819,0.0083193266764283,0.9332870841026306,0.063273124396801,0.0117974802851676,-0.0583227612078189,0.9999847412109376,-0.0615679956972599,-0.0145869040861725,0.0589993223547935,0.9999791383743286,0.0857958123087883,0.4139030277729034,0.0204741135239601,0.965476095676422,0.0103662870824337,0.3322345018386841,0.2379316538572311,0.6868394613265991,0.1575060039758682,0.7344218492507935,0.2074644863605499,0.9815775156021118,0.0353260077536106,0.7119026184082031,0.4482047259807586,0.8878685235977173,0.1392029076814651,0.7672985792160034,0.2254143953323364,0.8383821845054626,0.0321623943746089,0.7448558211326599,0.4288100004196167,0.8408990502357483,0.0303637459874153,0.7809075117111206,0.1520057171583175,0.9811577796936036,-0.0719576552510261,0.7489210963249207,0.3976328372955322,0.9375402331352234
-0.1443087756633758,-0.6437322497367859,-0.2282492220401764,0.9999001026153564,-0.1074170693755149,-0.659672737121582,-0.2579680979251861,0.9998589158058168,-0.1069188490509986,-0.6581780910491943,-0.245252713561058,0.999870240688324,-0.1075957864522934,-0.6596789360046387,-0.2488802969455719,0.9998976588249208,-0.1065370962023735,-0.6723477840423584,-0.2340555936098098,0.9998741745948792,-0.1073631718754768,-0.6728212237358093,-0.2470753490924835,0.9998961091041564,-0.1009607836604118,-0.6570009589195251,-0.2259946167469024,0.9999223947525024,0.0202184412628412,-0.6272658705711365,-0.2881145775318146,0.999941349029541,-0.0110458815470337,-0.6009305119514465,-0.1348545104265213,0.999822199344635,-0.0836466327309608,-0.6215020418167114,-0.2271416932344436,0.9999501705169678,-0.0915810093283653,-0.5955592393875122,-0.2081719636917114,0.999927818775177,0.134927287697792,-0.4449411034584045,-0.2433718293905258,0.9999957084655762,-0.029107317328453,-0.5359281897544861,0.0761737897992134,0.9999791979789734,0.1608956456184387,-0.2456113249063491,-0.2885074615478515,0.9966022372245787,-0.0517458543181419,-0.2264046519994735,0.1112625151872634,0.5544000267982483,0.134108155965805,-0.0102471020072698,-0.239471435546875,0.9939451217651368,-0.1430603116750717,-0.0367854945361614,0.0324833132326602,0.9440686106681824,0.1292139440774917,0.0388661064207553,-0.2491843402385711,0.9874038100242616,-0.1371758133172989,0.0086676161736249,0.0006812799838371,0.9401383996009828,0.085857093334198,0.0538280792534351,-0.2572231888771057,0.9879461526870728,-0.1189193353056907,-0.00893409922719,-0.0319205448031425,0.947586715221405,0.1235329583287239,0.0247252248227596,-0.2407548427581787,0.9763540625572203,-0.1357363015413284,-0.0277442503720521,0.0084747672080993,0.9320544004440308,0.0622489601373672,0.0117950653657317,-0.0592549405992031,0.9999853372573853,-0.0605468600988388,-0.0146012352779507,0.0598956011235713,0.9999800324440002,0.0860869586467742,0.4143019318580627,0.022934190928936,0.9633334875106812,0.010758033953607,0.3320951461791992,0.23843914270401,0.6719908118247986,0.1583245247602462,0.7342000603675842,0.2099024653434753,0.9812119603157043,0.0357102118432521,0.7117512226104736,0.4487518072128296,0.88033527135849,0.1399548053741455,0.7668305039405823,0.2278607785701751,0.8351427912712097,0.0325474441051483,0.7446975111961365,0.4293566346168518,0.8353682160377502,0.0303884148597717,0.7798147797584534,0.1548670828342437,0.9807096123695374,-0.0717908889055252,0.7489084005355835,0.3983904123306274,0.9344589710235596
-0.1451009660959243,-0.6439644694328308,-0.2277365773916244,0.9998944401741028,-0.1079105958342552,-0.660018801689148,-0.2572046518325805,0.999850869178772,-0.1074367463588714,-0.6585031747817993,-0.2445081621408462,0.9998624920845032,-0.1081191152334213,-0.6600787043571472,-0.2481540441513061,0.9998915791511536,-0.1070857793092727,-0.6726342439651489,-0.2332990765571594,0.999867618083954,-0.1079116910696029,-0.6731781959533691,-0.2463493794202804,0.9998908042907716,-0.1015358045697212,-0.6572552919387817,-0.225242793560028,0.999918818473816,0.0199646428227424,-0.6272363662719727,-0.2880100607872009,0.9999382495880128,-0.0107355872169137,-0.6006768941879272,-0.1337205469608307,0.999816596508026,-0.0844037979841232,-0.6215028762817383,-0.226558044552803,0.9999479055404664,-0.0923585668206214,-0.5955406427383423,-0.2075843662023544,0.9999247789382936,0.1345084458589553,-0.4447360932826996,-0.2439527064561844,0.9999957084655762,-0.029113408178091,-0.5353904962539673,0.0766658410429954,0.9999793171882628,0.1603848934173584,-0.2456868588924408,-0.2917083203792572,0.9965813159942628,-0.0514934584498405,-0.2262691706418991,0.1110907942056655,0.5391356945037842,0.1327616423368454,-0.0108489235863089,-0.2452968508005142,0.9938198328018188,-0.1427808403968811,-0.0369891934096813,0.0323043130338192,0.9425644278526306,0.1280045360326767,0.0382062830030918,-0.2553982138633728,0.9871315360069276,-0.1369845569133758,0.0083852708339691,0.0003590939450077,0.9386205673217772,0.0844450071454048,0.0532511062920093,-0.2632550895214081,0.9876301288604736,-0.1185929775238037,-0.0091756330803036,-0.0321891568601131,0.9462636113166808,0.122088685631752,0.0241220518946647,-0.2465492933988571,0.9755907654762268,-0.1354202181100845,-0.0279348660260438,0.008299384266138,0.9305077195167542,0.0617586486041545,0.0117877321317791,-0.0598403438925743,0.999985933303833,-0.0600564926862716,-0.0146113131195306,0.0604608654975891,0.9999808073043824,0.0862271338701248,0.4148821234703064,0.0266362596303224,0.9607017636299132,0.0115979639813303,0.332038938999176,0.2397378236055374,0.656154215335846,0.1585354506969452,0.7340337038040161,0.2149499207735061,0.9807049036026,0.0358593203127384,0.7116661071777344,0.4510960280895233,0.8727039694786072,0.1401139497756958,0.7664754390716553,0.2329071015119552,0.8307398557662964,0.0326265171170234,0.7446021437644958,0.431742399930954,0.8295899033546448,0.0302998330444097,0.7785356640815735,0.1590841561555862,0.9801166653633118,-0.0718280524015426,0.7487847805023193,0.4003482758998871,0.9312635660171508
-0.1464346200227737,-0.6439415216445923,-0.2296612709760666,0.9998912215232848,-0.1091709062457084,-0.6600173711776733,-0.258661150932312,0.9998466372489928,-0.1086922585964202,-0.6584978103637695,-0.2459358125925064,0.9998583793640136,-0.109400674700737,-0.6600794196128845,-0.2495559900999069,0.9998884201049804,-0.108151763677597,-0.6726207137107849,-0.235020250082016,0.999863862991333,-0.1089542955160141,-0.6731674075126648,-0.2480766624212265,0.9998876452445984,-0.1025916710495948,-0.6572347283363342,-0.2269522994756698,0.9999167323112488,0.0193550996482372,-0.6268976926803589,-0.2906196713447571,0.9999367594718932,-0.0104741118848323,-0.5999293327331543,-0.1344504952430725,0.9998131394386292,-0.0855122283101081,-0.6212769746780396,-0.2278358489274978,0.999946653842926,-0.0932262614369392,-0.5952220559120178,-0.2092989981174469,0.9999228715896606,0.1331086754798889,-0.4442498683929443,-0.2478720694780349,0.999995768070221,-0.0278583839535713,-0.5347016453742981,0.076578103005886,0.9999794363975524,0.1596577167510986,-0.2456823587417602,-0.2966286838054657,0.9966086745262146,-0.0502276904881,-0.2258047610521316,0.111201524734497,0.5251235365867615,0.1312240362167358,-0.0108905127272009,-0.2484890967607498,0.9937669038772584,-0.1422031223773956,-0.0366373136639595,0.0324629992246627,0.9410989880561828,0.1265125572681427,0.0381856299936771,-0.2584278583526611,0.9869703650474548,-0.1364698112010955,0.0086651537567377,0.0006029976648278,0.9371165037155152,0.0827638506889343,0.0532283000648021,-0.2660765945911407,0.9874202013015748,-0.1182033419609069,-0.0088141476735472,-0.0320421755313873,0.9449396133422852,0.1204978972673416,0.0240754205733537,-0.2495861798524856,0.9750431776046752,-0.1348753720521927,-0.0275350660085678,0.0083952406421303,0.9290035963058472,0.06101855635643,0.0117818210273981,-0.0603331588208675,0.9999863505363464,-0.0593110583722591,-0.0146220475435256,0.0609322637319564,0.9999813437461852,0.0860335379838943,0.4148811399936676,0.0256740991026163,0.9583957195281982,0.0114731816574931,0.3319801390171051,0.2404123991727829,0.6414081454277039,0.1585747599601745,0.7339625358581543,0.2120254635810852,0.980185329914093,0.035791378468275,0.7116735577583313,0.450671523809433,0.8646864295005798,0.1401676833629608,0.7663519382476807,0.2298761010169983,0.8270137310028076,0.0325480699539184,0.7446081638336182,0.4312826097011566,0.8235192894935608,0.0299642477184534,0.7785875201225281,0.1564105004072189,0.9795145988464355,-0.0717946663498878,0.7491586208343506,0.4005132913589477,0.9275910258293152
-0.1467007249593734,-0.6435527801513672,-0.2310710996389389,0.9998872876167296,-0.1094491854310035,-0.6597564816474915,-0.2597605884075165,0.999841034412384,-0.1089400649070739,-0.6582033038139343,-0.2470115721225738,0.9998531341552734,-0.1096741780638694,-0.6598244905471802,-0.25061896443367,0.9998842477798462,-0.1084647551178932,-0.6723155379295349,-0.2363350540399551,0.9998589754104614,-0.1092635467648506,-0.6728883981704712,-0.2493840456008911,0.9998836517333984,-0.1029110252857208,-0.6569054126739502,-0.2282525599002838,0.9999139308929444,0.0191929508000612,-0.6262029409408569,-0.292101114988327,0.9999347925186156,-0.010391304269433,-0.5990166068077087,-0.135036826133728,0.999808430671692,-0.085769422352314,-0.6205960512161255,-0.2287846505641937,0.9999449849128724,-0.0935365185141563,-0.5944587588310242,-0.2105502933263778,0.99992036819458,0.1323748230934143,-0.4437123239040375,-0.2492952793836593,0.999995768070221,-0.0272528901696205,-0.5340480804443359,0.0765004381537437,0.9999794363975524,0.1596765518188476,-0.2455421984195709,-0.2974967062473297,0.99664705991745,-0.0495758578181266,-0.2249816656112671,0.1112787276506424,0.5126389265060425,0.1303216367959976,-0.0108862202614545,-0.2484354376792907,0.9937421679496764,-0.1418461501598358,-0.0358248129487037,0.0327652804553508,0.9397302865982056,0.1253416091203689,0.0382028706371784,-0.2583155035972595,0.9868670701980592,-0.1361495852470398,0.0093869194388389,0.0009819606784731,0.9357056617736816,0.0812486186623573,0.0531940385699272,-0.2659283876419067,0.9872723817825316,-0.1179483234882354,-0.0080399950966238,-0.0316768661141395,0.9436830282211304,0.1194064915180206,0.0240707919001579,-0.2495024353265762,0.974639892578125,-0.1345461308956146,-0.0266858916729688,0.0086638638749718,0.927578330039978,0.060351837426424,0.0117721874266862,-0.0607761293649673,0.9999867081642152,-0.0586391426622867,-0.0146289952099323,0.0613644123077392,0.9999818205833436,0.0854056179523468,0.4148488044738769,0.0243216976523399,0.9568917751312256,0.0114644402638077,0.3318934738636017,0.2400980144739151,0.6294413208961487,0.1585753262042999,0.7339347004890442,0.2098885774612426,0.9799147248268129,0.03591113910079,0.7119223475456238,0.449213445186615,0.8588340282440186,0.1401862949132919,0.7663106918334961,0.2277231514453888,0.8250958323478699,0.0326914973556995,0.7449121475219727,0.4297665059566498,0.819635808467865,0.0297167841345071,0.7786535620689392,0.1542577445507049,0.9791473746299744,-0.0717768594622612,0.7496180534362793,0.3988051116466522,0.9249597191810608
-0.1462769210338592,-0.6431481838226318,-0.2302332073450088,0.999882161617279,-0.1091388538479805,-0.6595128774642944,-0.2592408061027527,0.999833643436432,-0.1085971444845199,-0.6579412221908569,-0.246501088142395,0.9998462200164796,-0.109325423836708,-0.6595854759216309,-0.2501251697540283,0.9998788237571716,-0.1083073541522026,-0.6720061302185059,-0.2356339991092682,0.9998522996902466,-0.1091108173131942,-0.6725978255271912,-0.2486601322889328,0.999878227710724,-0.1027586311101913,-0.6565807461738586,-0.2275546044111251,0.999910056591034,0.0193440224975347,-0.6259481310844421,-0.2915215194225311,0.9999321699142456,-0.0103982342407107,-0.5985349416732788,-0.1345254927873611,0.9998015761375428,-0.0853738263249397,-0.6200941801071167,-0.2282605767250061,0.9999426007270812,-0.093401588499546,-0.5938538312911987,-0.2097062170505523,0.9999167919158936,0.132283866405487,-0.4435696303844452,-0.2479777336120605,0.999995768070221,-0.0272240359336137,-0.5338464975357056,0.0771160647273063,0.9999791979789734,0.1598218083381652,-0.2455296069383621,-0.2954263389110565,0.9966932535171508,-0.049572929739952,-0.2247219532728195,0.1116616800427436,0.5024828910827637,0.1298320740461349,-0.0110120978206396,-0.2472707033157348,0.9937821626663208,-0.1417596638202667,-0.035617783665657,0.0333183296024799,0.9385995864868164,0.1246443390846252,0.0380459204316139,-0.2574203908443451,0.9869012236595154,-0.1360773742198944,0.009566587395966,0.0015634604496881,0.9344825744628906,0.0800723955035209,0.0529437735676765,-0.265053778886795,0.9872699975967408,-0.1178686395287513,-0.0078393500298261,-0.0310357436537742,0.9426024556159972,0.1186793595552444,0.0239088181406259,-0.2484171539545059,0.9745309948921204,-0.1344481408596038,-0.0264588203281164,0.0092389779165387,0.9263523817062378,0.0600220374763011,0.0117591954767704,-0.0609944127500057,0.999987006187439,-0.058296151459217,-0.0146304257214069,0.0615851394832134,0.9999821782112122,0.0851956456899643,0.4148344695568084,0.0235960390418767,0.9556580781936646,0.0115503035485744,0.3320046067237854,0.2391930073499679,0.6194766163825989,0.158498004078865,0.733826220035553,0.2091812640428543,0.9796440601348876,0.0359149761497974,0.7120425701141357,0.4479552507400512,0.8534417152404785,0.1401266902685165,0.766160786151886,0.2270418852567672,0.8234393000602722,0.032680332660675,0.7450384497642517,0.4285174608230591,0.8161258697509766,0.0295686088502407,0.778454601764679,0.1534857153892517,0.9787874817848206,-0.0717980489134788,0.7497242093086243,0.3969751894474029,0.9225161671638488
-0.1452924460172653,-0.6426147222518921,-0.2313508838415146,0.9998778700828552,-0.1081650629639625,-0.6591139435768127,-0.2599191069602966,0.9998279213905334,-0.1075913682579994,-0.6575177907943726,-0.2471646666526794,0.9998407363891602,-0.1083302721381187,-0.659177839756012,-0.2507752180099487,0.9998745918273926,-0.1076211854815483,-0.6715672016143799,-0.2365948259830474,0.9998471140861512,-0.1084281653165817,-0.672173261642456,-0.2496083527803421,0.9998739957809448,-0.1020883843302726,-0.6561496257781982,-0.2285048812627792,0.9999070763587952,0.0200792849063873,-0.6254158616065979,-0.2917154729366302,0.9999300837516784,-0.0101258214563131,-0.5980438590049744,-0.1348600834608078,0.9997959136962892,-0.0845048800110817,-0.619438886642456,-0.2288156449794769,0.9999406933784484,-0.0929148122668266,-0.593177080154419,-0.2105884850025177,0.9999139904975892,0.1325293928384781,-0.4433408975601196,-0.247290164232254,0.9999957084655762,-0.0271647330373525,-0.5335736274719238,0.0770791172981262,0.9999790787696838,0.1599266529083252,-0.2455083578824997,-0.2934699356555938,0.9967120289802552,-0.049644086509943,-0.2243257164955139,0.1116794124245643,0.4944320321083069,0.1297937482595443,-0.0110830347985029,-0.2456648796796798,0.993764877319336,-0.1417122930288314,-0.0351177453994751,0.0333981104195117,0.9377267956733704,0.1244769990444183,0.037916786968708,-0.2558266520500183,0.986821949481964,-0.1359751224517822,0.010004935786128,0.001613326370716,0.933494508266449,0.0798351243138313,0.0527429580688476,-0.2636689841747284,0.9871576428413392,-0.1177644953131675,-0.0073884921148419,-0.0309563633054494,0.9417317509651184,0.1185541898012161,0.0238170754164457,-0.2469088733196258,0.9742207527160645,-0.1343743056058883,-0.0259437225759029,0.0093186721205711,0.9253405332565308,0.0599187463521957,0.0117568178102374,-0.0610210821032524,0.9999873042106628,-0.0581845082342624,-0.014636144042015,0.0616253949701786,0.9999825358390808,0.0852268114686012,0.4148395359516144,0.0211246404796838,0.954945743083954,0.0115643683820962,0.3322567343711853,0.2375978827476501,0.6136413216590881,0.1581678688526153,0.7337133884429932,0.2076110988855362,0.9794540405273438,0.0358884744346141,0.7121419906616211,0.4470064043998718,0.8499913811683655,0.139705017209053,0.765990138053894,0.2255984544754028,0.8221552968025208,0.0326463542878627,0.7451188564300537,0.4276576936244964,0.8138090968132019,0.0292935781180858,0.7783856987953186,0.1520536243915558,0.9784991145133972,-0.071790412068367,0.7498927712440491,0.3966735899448395,0.920907497406006
-0.1448848992586136,-0.6425954699516296,-0.2319122552871704,0.9998659491539,-0.1078786104917526,-0.6590883731842041,-0.2606862187385559,0.9998116493225098,-0.1073156222701072,-0.6574888229370117,-0.2479256093502044,0.9998257756233216,-0.108036570250988,-0.6591482162475586,-0.251543253660202,0.9998631477355956,-0.1072128564119339,-0.6715357303619385,-0.2372118085622787,0.9998318552970886,-0.1080022826790809,-0.6721463799476624,-0.2502396404743194,0.9998613595962524,-0.1016732603311538,-0.6561295986175537,-0.2291153818368911,0.9998977184295654,0.0207568798214197,-0.6253167390823364,-0.2915230393409729,0.9999240636825562,-0.0099530490115284,-0.5980352759361267,-0.1352515220642089,0.9997757077217102,-0.0842238590121269,-0.6193962693214417,-0.2294648289680481,0.999935746192932,-0.0927071794867515,-0.5931575298309326,-0.2110741436481475,0.999906361103058,0.1333826780319214,-0.4433194994926452,-0.2465137839317321,0.9999955892562866,-0.0275392793118953,-0.5336048007011414,0.0768181160092353,0.9999783635139464,0.1610708832740783,-0.2455160319805145,-0.291810542345047,0.9966819286346436,-0.0498147048056125,-0.2240138202905655,0.1110494434833526,0.4834929704666137,0.1298421174287796,-0.0111799016594886,-0.2450270056724548,0.9936726689338684,-0.1415194869041443,-0.0347379446029663,0.0319622494280338,0.9355853796005248,0.1244666129350662,0.0377507656812667,-0.2556794583797455,0.9866241216659546,-0.1357134729623794,0.010305187664926,-0.0001908983831526,0.9313786029815674,0.079740896821022,0.0524345785379409,-0.2636931836605072,0.9869481921195984,-0.1175347939133644,-0.0072170374915003,-0.0328448116779327,0.939896285533905,0.1185614019632339,0.0237001106142997,-0.2464523464441299,0.9737080931663512,-0.134154736995697,-0.0255984030663967,0.0077866972424089,0.9230207800865172,0.0599740929901599,0.0117779206484556,-0.0609856732189655,0.9999874234199524,-0.0582393296062946,-0.0146655589342117,0.0616019293665885,0.9999825954437256,0.085860289633274,0.4150336980819702,0.0181009098887443,0.9536139965057372,0.0115975411608815,0.3329920768737793,0.2349999397993087,0.6065332293510437,0.1580995172262191,0.7337579131126404,0.2054817676544189,0.9788821935653688,0.0358620211482048,0.7126519083976746,0.4446103572845459,0.8459798097610474,0.1395870596170425,0.7660336494445801,0.2235542386770248,0.8184782862663269,0.0326161608099937,0.7455777525901794,0.4253200888633728,0.810370922088623,0.0294024515897035,0.7785212397575378,0.1481143087148666,0.9778102040290833,-0.0717893466353416,0.7503731846809387,0.3928686678409576,0.9186614751815796
-0.1420067250728607,-0.6425715684890747,-0.2376544326543808,0.9998508095741272,-0.1048803478479385,-0.6590356826782227,-0.2650777101516723,0.9997901320457458,-0.1042748764157295,-0.6574330925941467,-0.2522434592247009,0.9998058080673218,-0.1049642339348793,-0.659086287021637,-0.2558704614639282,0.9998477697372437,-0.1051867082715034,-0.6714630126953125,-0.2422726452350616,0.9998118877410888,-0.1059589385986328,-0.6720794439315796,-0.2553646266460418,0.9998448491096495,-0.0996939316391944,-0.6560825705528259,-0.2341679483652115,0.9998854994773864,0.0236657913774251,-0.6252818703651428,-0.2914223968982696,0.9999149441719056,-0.0100298663601279,-0.598072350025177,-0.1373796164989471,0.999746799468994,-0.0814331769943237,-0.619381844997406,-0.2331680059432983,0.9999290704727172,-0.0911269411444664,-0.5931453108787537,-0.215738371014595,0.9998962879180908,0.13669054210186,-0.4433547258377075,-0.2463157624006271,0.9999954104423524,-0.0281977262347936,-0.5338350534439087,0.0752721652388572,0.9999775886535645,0.1631644964218139,-0.2457530498504638,-0.2913133800029754,0.996607780456543,-0.0500109754502773,-0.2236369401216507,0.1085829883813858,0.4736547768115997,0.1299024224281311,-0.0116075314581394,-0.2454706877470016,0.9935367703437804,-0.1411594152450561,-0.034141968935728,0.0276733171194791,0.9336453676223756,0.1244429126381874,0.0373791009187698,-0.2572689652442932,0.9863598346710204,-0.1352318078279495,0.0110134407877922,-0.0054960222914814,0.929404616355896,0.0794781222939491,0.051840391010046,-0.2656239867210388,0.9866968989372252,-0.1169387996196746,-0.0067829964682459,-0.0382009856402874,0.9382392168045044,0.118552841246128,0.0232711341232061,-0.2472026348114013,0.9730881452560424,-0.1336666196584701,-0.0250318050384521,0.0033340784721076,0.9206876158714294,0.0605593733489513,0.0118201179429888,-0.0607311502099037,0.9999873638153076,-0.0588277205824852,-0.0147174028679728,0.0613956041634082,0.9999825358390808,0.0866096168756485,0.4151593446731567,0.0158007033169269,0.9508994221687316,0.0115919327363371,0.3339279294013977,0.231769785284996,0.5960739850997925,0.158096432685852,0.7337496280670166,0.2030231803655624,0.9777130484580994,0.0354541689157485,0.7128757834434509,0.4415828585624695,0.8401684165000916,0.1395855247974395,0.7660313248634338,0.2209962457418441,0.8119906187057495,0.0321582183241844,0.7457473874092102,0.4224121868610382,0.8046035766601562,0.0299308747053146,0.7785599231719971,0.1427078694105148,0.9766657948493958,-0.0719597041606903,0.7504436373710632,0.3864015340805053,0.9153915643692015
-0.1365599185228347,-0.6428604125976562,-0.2488230019807815,0.9998440146446228,-0.0993025377392768,-0.6591833829879761,-0.272930771112442,0.999780297279358,-0.0985426604747772,-0.6575764417648315,-0.2599681615829468,0.9997962117195128,-0.099237821996212,-0.6592103242874146,-0.2635940015316009,0.9998403191566468,-0.1018771603703498,-0.6715712547302246,-0.2517525553703308,0.9998029470443726,-0.1026680245995521,-0.6721847653388977,-0.2648893594741821,0.9998369812965392,-0.096549168229103,-0.6562548875808716,-0.2436186671257019,0.9998794794082642,0.0289142467081546,-0.6253281831741333,-0.2912948131561279,0.9999094009399414,-0.0110977543517947,-0.5985947251319885,-0.1405753940343856,0.9997284412384032,-0.0764037892222404,-0.6196551322937012,-0.2401773184537887,0.9999253153800964,-0.0888854786753654,-0.5935537815093994,-0.2249321341514587,0.999890685081482,0.1399803161621093,-0.4435393512248993,-0.2434676140546798,0.999995231628418,-0.0310371331870555,-0.5340765118598938,0.0740732327103614,0.999976933002472,0.1661069095134735,-0.2463551610708236,-0.2875347137451172,0.9965516924858092,-0.0513154566287994,-0.2234997451305389,0.1077190637588501,0.4678815007209778,0.1302478015422821,-0.0119630340486764,-0.2457420974969864,0.9934515953063964,-0.1412641853094101,-0.0339312404394149,0.0254478361457586,0.9328568577766418,0.1244527399539947,0.0372497215867042,-0.2588275671005249,0.9862158298492432,-0.1352777630090713,0.0113575477153062,-0.0085628880187869,0.9286015629768372,0.0792957544326782,0.0516599938273429,-0.2677512466907501,0.9865752458572388,-0.1169271245598793,-0.0066100610420107,-0.0414081923663616,0.9376089572906494,0.1185700148344039,0.0229946095496416,-0.2478334605693817,0.9727550148963928,-0.1336895525455474,-0.0248368382453918,0.0009332830668427,0.9195777773857116,0.0614006035029888,0.0118375150486826,-0.0603813752532005,0.999987244606018,-0.0596635229885578,-0.014738680794835,0.0611256100237369,0.9999824166297911,0.0869109034538269,0.415134996175766,0.0131312562152743,0.9489880800247192,0.0112818172201514,0.3343977034091949,0.2286598980426788,0.5890752673149109,0.15803062915802,0.7337229251861572,0.1982443779706955,0.9768539071083068,0.034601904451847,0.7130545377731323,0.4365916848182678,0.8372025489807129,0.1395375728607177,0.7660341858863831,0.2159505486488342,0.807580828666687,0.0312940925359725,0.74586421251297,0.4173976480960846,0.8011020421981812,0.0303135272115468,0.7785930037498474,0.1351479440927505,0.9758759140968324,-0.0723765268921852,0.7504470348358154,0.3772391974925995,0.9134436249732972
-0.1292227059602737,-0.6429786086082458,-0.2591568231582641,0.9998495578765868,-0.0917934700846672,-0.6592469215393066,-0.2797417938709259,0.9997883439064026,-0.0908403173089027,-0.6576359272003174,-0.2666914463043213,0.9998031854629515,-0.0915416926145553,-0.6592550873756409,-0.2702468335628509,0.999845564365387,-0.0973887592554092,-0.6716173887252808,-0.2600187659263611,0.99981027841568,-0.0982495099306106,-0.6722208261489868,-0.2731727361679077,0.9998425841331482,-0.0923119336366653,-0.6563407778739929,-0.2518612444400787,0.9998833537101746,0.0370882339775562,-0.6255077719688416,-0.2891424000263214,0.9999111890792848,-0.0135005097836256,-0.5994910597801208,-0.1420280635356903,0.9997333288192748,-0.0691697299480438,-0.6198570728302002,-0.2462980300188064,0.9999264478683472,-0.0856720060110092,-0.5938781499862671,-0.2328871339559555,0.9998924732208252,0.1442576646804809,-0.4438858330249786,-0.2361855804920196,0.9999951720237732,-0.0344127751886844,-0.5343247056007385,0.0739541128277778,0.9999768137931824,0.1689448654651641,-0.2466437816619873,-0.2790427207946777,0.9965075850486756,-0.0537959411740303,-0.2233655601739883,0.1076098978519439,0.4665110409259796,0.1309481412172317,-0.011970049701631,-0.2452931851148605,0.9934244751930236,-0.1419795602560043,-0.0336965210735797,0.0244733989238739,0.9331958293914796,0.1245641186833381,0.0373313091695308,-0.2584094703197479,0.9862177968025208,-0.1359837800264358,0.0117513490840792,-0.0102526601403951,0.9289268255233764,0.0792809054255485,0.051750224083662,-0.2676164805889129,0.9866034388542176,-0.1171373277902603,-0.0064187287352979,-0.0429222285747528,0.9379482269287108,0.1187380626797676,0.0229983162134885,-0.2473723441362381,0.9727615118026732,-0.1341012716293335,-0.024643950164318,-8.697000885149464e-05,0.9196415543556212,0.0623864457011222,0.0118432668969035,-0.0600747019052505,0.9999871253967284,-0.0606279484927654,-0.0147478375583887,0.0609069466590881,0.9999822974205016,0.0876833647489547,0.4148409366607666,0.0100917946547269,0.948268473148346,0.0109377335757017,0.334453821182251,0.2268102020025253,0.5853694081306458,0.1581009179353714,0.7336970567703247,0.1936468183994293,0.9762911200523376,0.0339976549148559,0.7130960822105408,0.4341848790645599,0.8358502984046936,0.1396532505750656,0.7660622000694275,0.2112978547811508,0.8057024478912354,0.030757151544094,0.7458851933479309,0.4150675535202026,0.7993001341819763,0.0309997946023941,0.7786277532577515,0.1307580471038818,0.975486159324646,-0.0726975202560424,0.7503247261047363,0.3738366365432739,0.9125325679779052
-0.1203665062785148,-0.6429954171180725,-0.2700352072715759,0.9998590350151062,-0.0830554738640785,-0.659254252910614,-0.2864167690277099,0.9998018741607666,-0.0818553417921066,-0.6576398611068726,-0.2732751369476318,0.9998155236244202,-0.0826042145490646,-0.6592515110969543,-0.2766982316970825,0.9998550415039062,-0.0921718999743461,-0.6716105937957764,-0.2684569656848907,0.9998223185539246,-0.0931384861469268,-0.6722061634063721,-0.2815771102905273,0.999852180480957,-0.0873674750328064,-0.6563477516174316,-0.2602855563163757,0.999890148639679,0.0465730875730514,-0.625847339630127,-0.2826808094978332,0.9999158382415771,-0.0187293067574501,-0.6005731821060181,-0.1427379250526428,0.9997456669807434,-0.0602931678295135,-0.6200178265571594,-0.2523156106472015,0.9999297261238098,-0.0816923454403877,-0.594137966632843,-0.2411269545555114,0.9998971223831176,0.1491932272911071,-0.4443052113056183,-0.2232003659009933,0.9999951720237732,-0.0396791137754917,-0.534462571144104,0.0740082189440727,0.9999766945838928,0.1731957048177719,-0.2467735707759857,-0.26265349984169,0.9965532422065736,-0.0574955493211746,-0.223017081618309,0.107684776186943,0.4715918302536011,0.1329396665096283,-0.0118828499689698,-0.240319088101387,0.9936016798019408,-0.1430460512638092,-0.0329824797809124,0.024151187390089,0.9344162344932556,0.1253059953451156,0.0377933979034423,-0.2555237412452698,0.9866206645965576,-0.1371671706438064,0.0129115069285035,-0.011218262836337,0.930170238018036,0.0794469714164733,0.0522092916071414,-0.2658916711807251,0.9870198369026184,-0.1175232082605362,-0.0055579119361937,-0.0435602664947509,0.9390663504600524,0.1196365430951118,0.0231537465006113,-0.2433102428913116,0.9735906720161438,-0.1347296237945556,-0.0239692721515893,-0.0003777043893933,0.9208071827888488,0.063714675605297,0.0118454117327928,-0.0593710727989673,0.9999869465827942,-0.0618948005139827,-0.0147481355816125,0.0603706501424312,0.9999819993972778,0.087969072163105,0.4134451150894165,-4.715579052572139e-06,0.9497130513191224,0.0101141296327114,0.3345884084701538,0.2213031351566314,0.5918650031089783,0.1580849885940551,0.7337056398391724,0.1804278045892715,0.9765422940254213,0.0327964089810848,0.7131862044334412,0.4261204898357391,0.8394936919212341,0.1396569162607193,0.7663277387619019,0.1980933547019958,0.8084149956703186,0.0296514313668012,0.7459356188774109,0.4069822430610657,0.8020367622375488,0.0312637165188789,0.7790663838386536,0.1187846958637237,0.9758469462394714,-0.0731566324830055,0.7500744462013245,0.3648307621479034,0.9141014814376832
-0.1082670241594314,-0.6432926058769226,-0.2868534028530121,0.9998700618743896,-0.0717816799879074,-0.6594392657279968,-0.2973507344722748,0.999817430973053,-0.0702684521675109,-0.6578208208084106,-0.2840465009212494,0.9998297691345216,-0.0711686983704567,-0.6593665480613708,-0.287322998046875,0.9998661279678344,-0.085267536342144,-0.6716657280921936,-0.2822739481925964,0.999836266040802,-0.0863227099180221,-0.6722251176834106,-0.2953605353832245,0.9998634457588196,-0.0807737708091735,-0.6564675569534302,-0.2740676403045654,0.9998982548713684,0.0569999665021896,-0.6263289451599121,-0.2748464345932007,0.999921441078186,-0.0278903320431709,-0.60130774974823,-0.1454811096191406,0.9997611045837402,-0.0486272722482681,-0.6205748319625854,-0.2626172304153442,0.999933898448944,-0.0759806334972381,-0.5947499871253967,-0.255026638507843,0.99990314245224,0.1537628322839737,-0.4443703889846802,-0.2105796337127685,0.9999951720237732,-0.0469065532088279,-0.5341918468475342,0.0738661289215087,0.9999765753746032,0.1768806278705597,-0.2468444555997848,-0.248234361410141,0.9965444207191468,-0.0614977814257144,-0.2223989367485046,0.1077888011932373,0.4762935936450958,0.1374893337488174,-0.0116468574851751,-0.235280230641365,0.9936976432800292,-0.1447266191244125,-0.0316402651369571,0.0240719150751829,0.9350391626358032,0.1287157833576202,0.0389398336410522,-0.2520303726196289,0.9868909120559692,-0.1393511444330215,0.0154773816466331,-0.0116427661851048,0.930864155292511,0.0821224898099899,0.0536038726568222,-0.2642064690589905,0.9873206615447998,-0.1182762011885643,-0.0029022484086453,-0.0437544323503971,0.939693570137024,0.122890405356884,0.0235935412347316,-0.2392964512109756,0.974242627620697,-0.1357743740081787,-0.0224773529917001,-0.0004302596789784,0.9214147329330444,0.0652543902397155,0.0118497172370553,-0.0583814829587936,0.9999866485595704,-0.0633283033967018,-0.0147472387179732,0.0596074312925338,0.9999815821647644,0.0877183005213737,0.411215990781784,-0.0146575570106506,0.9509714245796204,0.0086935497820377,0.3349297940731048,0.2124300748109817,0.597787618637085,0.1578437089920044,0.7336841821670532,0.1600981503725052,0.9767128229141236,0.03093090839684,0.7132108211517334,0.4123643338680267,0.8439891934394836,0.1395887434482574,0.7665143013000488,0.1774479746818542,0.8111646771430969,0.0278562922030687,0.7459332942962646,0.3931884169578552,0.8053455352783203,0.0312783978879451,0.7797591090202332,0.0994117185473442,0.976159393787384,-0.0736936852335929,0.7488322257995605,0.3493012487888336,0.915867269039154
-0.0936999320983886,-0.6440190076828003,-0.3012246191501617,0.9998822212219238,-0.0588900335133075,-0.6600031852722168,-0.3068062961101532,0.9998345375061036,-0.0571275129914283,-0.6584261059761047,-0.2934547662734985,0.9998456239700316,-0.0580781400203704,-0.6598517894744873,-0.296479195356369,0.9998785257339478,-0.0760935544967651,-0.6719459295272827,-0.2944290339946747,0.9998515844345092,-0.0771891549229621,-0.6724101305007935,-0.3072897791862488,0.999876081943512,-0.0719687789678573,-0.6568297147750854,-0.2860684990882873,0.9999075531959534,0.0674406811594963,-0.6275249719619751,-0.2653909623622894,0.99992835521698,-0.0363776609301567,-0.6020451784133911,-0.148431196808815,0.9997816681861876,-0.0347724221646785,-0.6216942071914673,-0.2712693214416504,0.9999394416809082,-0.0676887258887291,-0.5956679582595825,-0.266785979270935,0.9999112486839294,0.1580400019884109,-0.4444868564605713,-0.1979726254940033,0.9999952912330629,-0.0519868284463882,-0.5337036848068237,0.0740610808134079,0.9999770522117616,0.1793275624513626,-0.2468572556972503,-0.2307741343975067,0.9966159462928772,-0.066032126545906,-0.222036600112915,0.1104034259915351,0.4843494594097137,0.1401003301143646,-0.0106985075399279,-0.2208779454231262,0.9939003586769104,-0.1464948058128357,-0.0313733369112014,0.0278696548193693,0.9360069036483764,0.1301861107349395,0.0414269566535949,-0.2380933463573455,0.9873387813568116,-0.1411955952644348,0.0164984073489904,-0.0081703308969736,0.9319192171096802,0.083361767232418,0.0565517395734787,-0.2525532245635986,0.9877914786338806,-0.1189532428979873,-0.001756606507115,-0.0397079512476921,0.9405983686447144,0.1246127411723136,0.0248371791094541,-0.2256422489881515,0.9752580523490906,-0.1369425058364868,-0.0222184360027313,0.0035654648672789,0.9224439263343812,0.0668120756745338,0.0118819521740078,-0.057512067258358,0.9999863505363464,-0.064747042953968,-0.0147656891494989,0.05888157710433,0.999981164932251,0.0877308696508407,0.4100266396999359,-0.0200082454830408,0.9526559114456176,0.008313687518239,0.3346829712390899,0.2037670612335205,0.6068766117095947,0.1578355580568313,0.7337030172348022,0.1513140946626663,0.9771741628646852,0.0303031504154205,0.7131283283233643,0.3997738659381866,0.8502792716026306,0.1396676450967788,0.7669577598571777,0.1682801991701126,0.8157141804695129,0.0273007620126009,0.7457769513130188,0.3806119859218597,0.8102719783782959,0.0312551073729991,0.7803303003311157,0.0910061374306678,0.9768211841583252,-0.0734899565577507,0.747466504573822,0.3346122205257416,0.918834924697876
-0.0745758637785911,-0.644440233707428,-0.3118928074836731,0.9998935461044312,-0.0421833395957946,-0.6603042483329773,-0.3137821853160858,0.9998504519462584,-0.0403506569564342,-0.6587836742401123,-0.3004214167594909,0.999860405921936,-0.0413198322057724,-0.6601051092147827,-0.3032275736331939,0.999890148639679,-0.0618245415389537,-0.6720235347747803,-0.3041438162326813,0.9998658895492554,-0.0629814863204956,-0.6724482178688049,-0.3168297111988067,0.9998879432678224,-0.0580005533993244,-0.6569359302520752,-0.2956618070602417,0.9999163150787354,0.0778489857912063,-0.6288257241249084,-0.2566176950931549,0.99993497133255,-0.0403845161199569,-0.6024466753005981,-0.1534323841333389,0.9998015761375428,-0.0176772698760032,-0.6225655674934387,-0.2774030864238739,0.9999448657035828,-0.0545037612318992,-0.5962597131729126,-0.276177704334259,0.9999191761016846,0.1619672775268554,-0.4447080492973327,-0.1890949308872223,0.9999954700469972,-0.0557896010577678,-0.5333806276321411,0.074070930480957,0.9999775886535645,0.1816834211349487,-0.2468298077583313,-0.2179272472858429,0.9967130422592164,-0.0707598552107811,-0.2217738777399063,0.1121979355812072,0.4960371851921081,0.1423686295747757,-0.0086936857551336,-0.2062774151563644,0.9941020607948304,-0.1486460715532302,-0.0308715440332889,0.0331833288073539,0.9374823570251464,0.1313728243112564,0.0449736192822456,-0.2228605300188064,0.9877602458000184,-0.1432051658630371,0.0178524237126112,-0.0022485824301838,0.9334335923194884,0.0842769518494606,0.0604881420731544,-0.2381108999252319,0.988235354423523,-0.1199452728033065,7.460243796231225e-05,-0.0333003289997577,0.9418790936470032,0.126091256737709,0.0271785873919725,-0.211118996143341,0.9762322902679444,-0.1386528015136718,-0.0216564182192087,0.0091469567269086,0.9239667654037476,0.068496935069561,0.0119683193042874,-0.0566720739006996,0.9999860525131226,-0.0662845522165298,-0.0148320766165852,0.0581426136195659,0.9999806880950928,0.0877258107066154,0.409430593252182,-0.0236188378185033,0.95502370595932,0.0068247085437178,0.3339896202087402,0.2000269591808319,0.6201013922691345,0.1577506810426712,0.7337374687194824,0.1483833938837051,0.9779521226882936,0.0290486235171556,0.7120426893234253,0.3961120843887329,0.8581283688545227,0.1396783590316772,0.7674538493156433,0.1654737591743469,0.8217945098876953,0.0261128824204206,0.7445303797721863,0.3771907389163971,0.8172341585159302,0.0310587137937545,0.7824349403381348,0.0893895477056503,0.9777286052703856,-0.0734998136758804,0.7459325790405273,0.3311516046524048,0.9226019978523254
