x_0,y_0,z_0,visibility_0,x_1,y_1,z_1,visibility_1,x_2,y_2,z_2,visibility_2,x_3,y_3,z_3,visibility_3,x_4,y_4,z_4,visibility_4,x_5,y_5,z_5,visibility_5,x_6,y_6,z_6,visibility_6,x_7,y_7,z_7,visibility_7,x_8,y_8,z_8,visibility_8,x_9,y_9,z_9,visibility_9,x_10,y_10,z_10,visibility_10,x_11,y_11,z_11,visibility_11,x_12,y_12,z_12,visibility_12,x_13,y_13,z_13,visibility_13,x_14,y_14,z_14,visibility_14,x_15,y_15,z_15,visibility_15,x_16,y_16,z_16,visibility_16,x_17,y_17,z_17,visibility_17,x_18,y_18,z_18,visibility_18,x_19,y_19,z_19,visibility_19,x_20,y_20,z_20,visibility_20,x_21,y_21,z_21,visibility_21,x_22,y_22,z_22,visibility_22,x_23,y_23,z_23,visibility_23,x_24,y_24,z_24,visibility_24,x_25,y_25,z_25,visibility_25,x_26,y_26,z_26,visibility_26,x_27,y_27,z_27,visibility_27,x_28,y_28,z_28,visibility_28,x_29,y_29,z_29,visibility_29,x_30,y_30,z_30,visibility_30,x_31,y_31,z_31,visibility_31,x_32,y_32,z_32,visibility_32
0.4999003410339355,0.5592629909515381,-0.0955057814717292,0.9884852170944214,0.501766562461853,0.551303505897522,-0.1070376709103584,0.9942646622657776,0.5024981498718262,0.551406741142273,-0.1070382818579673,0.9930845499038696,0.5032288432121277,0.5515910387039185,-0.1070412248373031,0.9957832098007202,0.501858651638031,0.5506225228309631,-0.0887807458639144,0.9913029670715332,0.5026047229766846,0.5501455068588257,-0.0887951627373695,0.9881821274757384,0.5033409595489502,0.5495731234550476,-0.0888721495866775,0.9929410219192504,0.5119957327842712,0.5564307570457458,-0.1389237344264984,0.9956454038619996,0.5113901495933533,0.5530444383621216,-0.0568398348987102,0.9920513033866882,0.5041465759277344,0.5693203210830688,-0.1059348881244659,0.9947697520256042,0.50392746925354,0.5689032673835754,-0.0821425765752792,0.9878808259963988,0.5269549489021301,0.6129307746887207,-0.1683170646429062,0.9998457431793212,0.5261001586914062,0.5945011377334595,-0.0024168328382074,0.9974333643913268,0.5189096331596375,0.692629337310791,-0.177491083741188,0.9679384827613832,0.5154537558555603,0.6540395021438599,0.0247165132313966,0.03929128870368,0.4926265478134155,0.724175214767456,-0.1490048617124557,0.9360389709472656,0.4962895214557647,0.7153867483139038,0.0010080289794132,0.0451839417219162,0.4840559661388397,0.7342201471328735,-0.163926750421524,0.8888612985610962,0.4871461987495422,0.723318338394165,0.0031335013918578,0.0445982068777084,0.4818985760211944,0.7294313907623291,-0.1590245217084884,0.8860283493995667,0.4859312176704407,0.7230092287063599,-0.0129154976457357,0.043265763670206,0.4845393002033233,0.7266771793365479,-0.146034687757492,0.8230286836624146,0.4893258810043335,0.7224081754684448,-0.0062650768086314,0.0550280734896659,0.5201824903488159,0.7154163718223572,-0.0511125102639198,0.9998669624328612,0.5164303779602051,0.6951277256011963,0.0511540360748767,0.99957674741745,0.4627431333065033,0.7694451212882996,-0.0716513246297836,0.9497914910316468,0.4679151177406311,0.7273511290550232,0.0593687929213047,0.2885503470897674,0.4842247366905212,0.8386117815971375,-0.0420023575425148,0.9200738668441772,0.4893224537372589,0.8060601949691772,0.1191784217953682,0.1716721206903457,0.4860497415065765,0.8727627992630005,-0.039465494453907,0.8425578474998474,0.4905862212181091,0.8268083930015564,0.1254743486642837,0.2861204743385315,0.4575700759887695,0.8744223117828369,-0.0598290972411632,0.8762961030006409,0.4710739254951477,0.8201589584350586,0.1261842101812362,0.2283737957477569
0.501021683216095,0.5612332224845886,-0.0892764776945114,0.9895105957984924,0.5029429197311401,0.5535827279090881,-0.1005001738667488,0.9947078824043274,0.5036364197731018,0.5536792874336243,-0.1005050167441368,0.9936456084251404,0.5043052434921265,0.5537888407707214,-0.1005271673202514,0.9961113333702089,0.5027865171432495,0.553220808506012,-0.0822469890117645,0.9919947385787964,0.5034005045890808,0.5530425310134888,-0.0822381749749183,0.9891672134399414,0.5039923191070557,0.5527568459510803,-0.0822804272174835,0.9935036301612854,0.512395441532135,0.5587621927261353,-0.1263641566038131,0.9959806203842164,0.5116632580757141,0.5562605857849121,-0.0446353815495967,0.992699146270752,0.50510573387146,0.5706748962402344,-0.0974291712045669,0.9952421188354492,0.5046390295028687,0.5702182650566101,-0.0737758427858352,0.988978385925293,0.5273006558418274,0.6179868578910828,-0.1611887365579605,0.9998586773872375,0.5235819220542908,0.601253867149353,0.0169382020831108,0.9976625442504884,0.5187265276908875,0.7042966485023499,-0.1745564937591552,0.9689837098121644,0.5152960419654846,0.673772931098938,0.0455464199185371,0.0445111766457557,0.4904579520225525,0.7258253693580627,-0.1487511694431305,0.94015234708786,0.4918303489685058,0.7166977524757385,0.0163211934268474,0.0651535093784332,0.4823514223098755,0.7367342114448547,-0.1645103842020034,0.8965519666671753,0.4832485616207123,0.7241155505180359,0.0136566469445824,0.0670486763119697,0.4801904261112213,0.7310156226158142,-0.1619819104671478,0.8940146565437317,0.4824798703193664,0.7234170436859131,-0.0017290349351242,0.0657021179795265,0.4828389585018158,0.7278642058372498,-0.1461411416530609,0.8346354961395264,0.4855050444602966,0.7224687933921814,0.0086599411442875,0.0773439481854438,0.520290732383728,0.7450544238090515,-0.0579024627804756,0.9998765587806702,0.5125759840011597,0.7236388325691223,0.0579141452908515,0.9996086359024048,0.4607711732387543,0.7749163508415222,-0.0682748109102249,0.9538618922233582,0.4651827216148376,0.7330758571624756,0.089261457324028,0.3415072560310364,0.4841167032718658,0.8471243381500244,0.0143312280997633,0.9268303513526917,0.4827216565608978,0.813643217086792,0.1544442623853683,0.2334831953048706,0.4879056215286255,0.8670550584793091,0.0235839001834392,0.8536356091499329,0.4903787970542907,0.827016294002533,0.1610622704029083,0.3357083201408386,0.4592054784297943,0.872456431388855,0.0249892212450504,0.8869184851646423,0.4674326479434967,0.8368853330612183,0.1711841374635696,0.2886494100093841
0.4992908239364624,0.5612176656723022,-0.0980229303240776,0.9904962778091432,0.5017997026443481,0.5535080432891846,-0.109761968255043,0.9951696395874025,0.5026182532310486,0.5536248683929443,-0.1097607389092445,0.9942115545272828,0.5034381747245789,0.5537608861923218,-0.1097869947552681,0.9964507222175598,0.5015937089920044,0.5531198382377625,-0.0906747430562973,0.9927037954330444,0.5022729635238647,0.5529310703277588,-0.0906634777784347,0.9901525378227234,0.5030019283294678,0.5526480674743652,-0.0906825214624404,0.9940858483314514,0.5117088556289673,0.559031069278717,-0.1352249085903167,0.9963256120681764,0.5111091136932373,0.5566018223762512,-0.0477872751653194,0.9933519959449768,0.5036665201187134,0.5706104040145874,-0.1061639860272407,0.9956856966018676,0.5033584833145142,0.5702073574066162,-0.081376127898693,0.9900118112564088,0.5272451639175415,0.6197980642318726,-0.172905147075653,0.9998698830604552,0.5217719078063965,0.6022259593009949,0.0112163573503494,0.9978778958320618,0.5170815587043762,0.7058842778205872,-0.1829664707183838,0.9695925116539,0.5150733590126038,0.6757112145423889,0.04153348878026,0.050965741276741,0.4885680079460144,0.7276170253753662,-0.1524223387241363,0.943099558353424,0.4902786612510681,0.7158430814743042,0.0158466808497905,0.0862425416707992,0.4806807339191437,0.7380170822143555,-0.1701537519693374,0.902531921863556,0.4815087616443634,0.7223759889602661,0.0139764389023184,0.0900713205337524,0.4785334169864654,0.7316767573356628,-0.1689399778842926,0.9003649950027466,0.4802708327770233,0.720561683177948,-0.0023123149294406,0.0889963433146476,0.4809998273849487,0.728384792804718,-0.1510878354310989,0.8436460494995117,0.4830711483955383,0.719434916973114,0.0078424923121929,0.1007849499583244,0.5211489796638489,0.7469807267189026,-0.060789056122303,0.9998843669891356,0.5123304724693298,0.7251269221305847,0.0607948265969753,0.9996371865272522,0.459988385438919,0.775972306728363,-0.0667689368128776,0.9572364687919616,0.4645827710628509,0.733766496181488,0.0985442325472831,0.3868094980716705,0.4839430451393127,0.8490464091300964,0.0202611964195966,0.9326403737068176,0.4834276139736175,0.8140613436698914,0.1699914783239364,0.2862855494022369,0.4893368482589721,0.8658738136291504,0.0296474751085042,0.8621068596839905,0.4916199147701263,0.8263025879859924,0.1772488504648208,0.378057450056076,0.4599000811576843,0.8698300123214722,0.0315398201346397,0.8962796926498413,0.4655513167381286,0.8358508348464966,0.1902748197317123,0.3412921130657196
0.4991077780723572,0.5611828565597534,-0.1105232536792755,0.9913597702980042,0.501751720905304,0.5534631609916687,-0.1231116876006126,0.9955683350563048,0.5025572180747986,0.5535839796066284,-0.1231132298707962,0.994707465171814,0.5033646821975708,0.5537300109863281,-0.1231436654925346,0.9967480301856996,0.5015942454338074,0.5530400276184082,-0.1028969138860702,0.9933035373687744,0.5022816061973572,0.5528188943862915,-0.1028897762298584,0.990996241569519,0.50300532579422,0.5524988770484924,-0.102909542620182,0.994577705860138,0.5114797353744507,0.5589606761932373,-0.1519602984189987,0.9966346621513368,0.5111023187637329,0.5565211772918701,-0.0600869506597518,0.9938927292823792,0.5033572316169739,0.5704324841499329,-0.1195088624954223,0.9960826635360718,0.5032378435134888,0.5701354146003723,-0.0931582078337669,0.9909207224845886,0.5271173119544983,0.6196359395980835,-0.1893992125988006,0.9998812675476074,0.5218818187713623,0.6016865968704224,0.0082036154344677,0.9980686902999878,0.516899585723877,0.7039951682090759,-0.198260873556137,0.9700540900230408,0.5145695805549622,0.671612560749054,0.0425896793603897,0.0555550642311573,0.488731324672699,0.7274567484855652,-0.1670970469713211,0.9454906582832336,0.4900668561458587,0.7153527736663818,0.0211565773934125,0.1018541753292083,0.4806422889232635,0.7370285987854004,-0.186506301164627,0.9078483581542968,0.4814656972885132,0.7206529378890991,0.0199911724776029,0.1082135736942291,0.4786255061626434,0.7316068410873413,-0.1862417012453079,0.9060308337211608,0.4796515703201294,0.7188191413879395,0.0026571643538773,0.1076521575450897,0.4812065660953522,0.7283642292022705,-0.1663261502981186,0.8514413237571716,0.4827573597431183,0.7179462909698486,0.0127473957836627,0.1193723976612091,0.5217152833938599,0.7459344267845154,-0.0633243918418884,0.9998931884765624,0.5125640034675598,0.7236942052841187,0.0633458346128463,0.999663233757019,0.459880918264389,0.775363028049469,-0.0750234201550483,0.9600152969360352,0.4641148746013641,0.7334885001182556,0.1121778041124343,0.4240709245204925,0.4839531481266022,0.8496368527412415,0.024511732161045,0.9374893307685852,0.4836804270744324,0.8117125034332275,0.2008573859930038,0.3280345797538757,0.4897876679897308,0.8644020557403564,0.0355570800602436,0.868640124797821,0.4942090213298797,0.8189378380775452,0.2101677507162094,0.411418467760086,0.4600973427295685,0.8698300123214722,0.0348193682730197,0.9043771624565125,0.4662560522556305,0.8341397047042847,0.2245172560214996,0.3857752084732055
0.4991258680820465,0.5611315965652466,-0.1056128963828086,0.9921244382858276,0.5017536282539368,0.5533338785171509,-0.117709532380104,0.9959129095077516,0.5025568604469299,0.553388237953186,-0.1177117004990577,0.9951435327529908,0.5033635497093201,0.5534608364105225,-0.117732934653759,0.9970046877861024,0.5016257166862488,0.553019106388092,-0.09849863499403,0.9938182830810548,0.5023322701454163,0.5527599453926086,-0.0985040590167045,0.99173504114151,0.5030899047851562,0.552398681640625,-0.0985546633601188,0.9949959516525269,0.5114586353302002,0.558903694152832,-0.1473776996135711,0.996904730796814,0.5111040472984314,0.5564199090003967,-0.0561281628906726,0.9943540692329408,0.5033321976661682,0.5703083872795105,-0.1150294989347457,0.996438205242157,0.5032556653022766,0.570125937461853,-0.0907756090164184,0.9917348623275756,0.527121901512146,0.619275689125061,-0.1856009811162948,0.999891757965088,0.5216262936592102,0.6026458144187927,0.0141360666602849,0.9982370734214784,0.5176255106925964,0.7037484645843506,-0.1959148794412613,0.970933437347412,0.5147015452384949,0.6740912199020386,0.0510482713580131,0.0584016218781471,0.4889116883277893,0.7273541688919067,-0.1663548797369003,0.9484218955039978,0.4906982183456421,0.7146176695823669,0.0267682317644357,0.1149370372295379,0.4807920753955841,0.7367443442344666,-0.1864039748907089,0.9135571718215942,0.4820074439048767,0.71952885389328,0.0249750558286905,0.124458335340023,0.4788268804550171,0.7315789461135864,-0.1863133162260055,0.9120467901229858,0.4804171621799469,0.7179440259933472,0.0075395628809928,0.124570146203041,0.4814203977584839,0.728330135345459,-0.1656384468078613,0.8601388931274414,0.4835485816001892,0.7173799276351929,0.0181923042982816,0.1361014991998672,0.5219553709030151,0.7488503456115723,-0.0652490556240081,0.9999010562896729,0.5126879811286926,0.7267643809318542,0.065283678472042,0.9996867179870604,0.4598489999771118,0.7751252055168152,-0.079514279961586,0.961978554725647,0.4639084041118622,0.7342259883880615,0.1116667836904525,0.4512643218040466,0.4839861989021301,0.8502030372619629,0.03308816999197,0.940321922302246,0.4842138886451721,0.8113045692443848,0.19602932035923,0.3592383861541748,0.4903476536273956,0.8648649454116821,0.0456793121993541,0.872094452381134,0.4948320984840393,0.8191590309143066,0.2048501074314117,0.4369639754295349,0.4605870842933655,0.8696860671043396,0.0505450181663036,0.9100781083106996,0.4665911495685577,0.8322530388832092,0.2191170752048492,0.4207982420921325
0.4991388022899627,0.5610726475715637,-0.1047307103872299,0.9927754402160645,0.501778244972229,0.5533105731010437,-0.1175980418920517,0.996192753314972,0.5025625824928284,0.5533656477928162,-0.1176065728068351,0.9955090284347534,0.5033623576164246,0.5534172058105469,-0.1176378056406974,0.9972118139266968,0.5017321705818176,0.552946150302887,-0.097502015531063,0.9942428469657898,0.5024607181549072,0.5526717901229858,-0.097499780356884,0.992365300655365,0.5032406449317932,0.5523045063018799,-0.0975321531295776,0.9953404664993286,0.5114250779151917,0.5588527917861938,-0.1488197743892669,0.9971362352371216,0.5111130475997925,0.5564624071121216,-0.0563154779374599,0.9947429299354552,0.5033435225486755,0.570283830165863,-0.114555574953556,0.9967445135116576,0.5032697319984436,0.5700962543487549,-0.0889380350708961,0.9924458265304564,0.5271013975143433,0.6190165877342224,-0.1881899833679199,0.9999004602432252,0.521826982498169,0.6023852825164795,0.0127157261595129,0.9983856678009032,0.5176318287849426,0.7032007575035095,-0.1915992349386215,0.9702069163322448,0.5157536268234253,0.6729814410209656,0.053859107196331,0.0595536679029464,0.4889393448829651,0.7269620299339294,-0.1408612579107284,0.948481559753418,0.4908914268016815,0.7145326137542725,0.0349139086902141,0.1207688599824905,0.4809471368789673,0.7352549433708191,-0.1578298211097717,0.915704309940338,0.4823412299156189,0.7195624113082886,0.0337860435247421,0.1335258185863495,0.4789653122425079,0.7300449013710022,-0.1600265353918075,0.9145897626876832,0.4808596968650818,0.7177593111991882,0.0165862441062927,0.1342280209064483,0.4814499318599701,0.7272353172302246,-0.1403191983699798,0.8639739155769348,0.4839759171009063,0.7172715663909912,0.0265416987240314,0.145949125289917,0.5219922065734863,0.7492832541465759,-0.0654883906245231,0.9999080896377563,0.5128358006477356,0.7260122895240784,0.0655286684632301,0.9997087121009828,0.4598843157291412,0.77488112449646,-0.0777635797858238,0.9634687304496764,0.4638053178787231,0.7345901727676392,0.1159091964364051,0.4732941091060638,0.48372882604599,0.8500512838363647,0.0460104271769523,0.9420955777168274,0.4846881031990051,0.8110320568084717,0.2057686001062393,0.3861532509326935,0.4901206791400909,0.8649746775627136,0.0595987290143966,0.873828649520874,0.4945243895053863,0.8195050954818726,0.2152168601751327,0.4578588306903839,0.4604693055152893,0.8686860203742981,0.0676016807556152,0.9143462777137756,0.4659551680088043,0.8319070339202881,0.2312502861022949,0.4504703879356384
0.4996070861816406,0.5610293745994568,-0.1098677292466163,0.993392288684845,0.5022447109222412,0.5532925724983215,-0.1232160255312919,0.9964756965637208,0.502967357635498,0.5533530116081238,-0.1232251673936843,0.9958662986755372,0.5036944150924683,0.5534012317657471,-0.123258963227272,0.9974213242530824,0.5023902654647827,0.5528892874717712,-0.1029125228524208,0.994674801826477,0.5031792521476746,0.5526027083396912,-0.1029079407453537,0.9929786324501038,0.504022479057312,0.5522366166114807,-0.1029261276125907,0.9956868290901184,0.5115860104560852,0.5588471293449402,-0.1547077596187591,0.9973597526550292,0.5115264654159546,0.5565301775932312,-0.0628846511244773,0.9951282739639282,0.503638505935669,0.5702629089355469,-0.1196026429533958,0.9970276951789856,0.5036998987197876,0.5700819492340088,-0.093288779258728,0.9931039810180664,0.5268020033836365,0.6194910407066345,-0.1934281140565872,0.999908685684204,0.5218477845191956,0.6023011803627014,0.012031733058393,0.9985247850418092,0.5168856382369995,0.7037357687950134,-0.1949484497308731,0.9695274829864502,0.5165035128593445,0.6727856993675232,0.0513321682810783,0.0606840252876281,0.4885360598564148,0.7268875241279602,-0.1432118713855743,0.9485234022140504,0.4912138283252716,0.7145684361457825,0.0369299985468387,0.1262695640325546,0.4798659682273865,0.7348887324333191,-0.1593813151121139,0.9178314805030824,0.4825436472892761,0.7190328240394592,0.0370145626366138,0.1423934251070022,0.4783262312412262,0.7298891544342041,-0.1641528159379959,0.9170314073562622,0.481134295463562,0.7178263068199158,0.0201636739075183,0.1434691846370697,0.4811272919178009,0.7272025346755981,-0.1404687315225601,0.8674546480178833,0.4842425286769867,0.7174032330513,0.0289558488875627,0.1549940854310989,0.522040843963623,0.7488683462142944,-0.0659825876355171,0.9999154210090636,0.5129305720329285,0.725321888923645,0.0660050958395004,0.99973064661026,0.4598738253116607,0.7748189568519592,-0.0765852406620979,0.9648699760437012,0.4639457464218139,0.7343339920043945,0.1266105622053146,0.48964923620224,0.4835825562477112,0.8500910401344299,0.0397070981562137,0.9447166919708252,0.4847790002822876,0.8108342885971069,0.2115594446659088,0.4121832251548767,0.4900294542312622,0.8651276230812073,0.0524867326021194,0.8781061768531799,0.494284451007843,0.8198268413543701,0.220625564455986,0.478209912776947,0.4604249000549316,0.8685372471809387,0.060103740543127,0.9195417165756226,0.4655973613262176,0.8321694731712341,0.236954316496849,0.479679137468338
0.4997496902942657,0.5608438849449158,-0.1094807386398315,0.99392431974411,0.5024396777153015,0.5528889298439026,-0.1227244958281517,0.9967077374458312,0.5031163096427917,0.5529562830924988,-0.1227364018559455,0.9961665868759156,0.5037928819656372,0.5530378818511963,-0.1227742582559585,0.9975938200950624,0.5027020573616028,0.5526260733604431,-0.1026239842176437,0.995026707649231,0.5035277009010315,0.552436888217926,-0.1026181653141975,0.9934974312782288,0.5044040083885193,0.5521695017814636,-0.1026356592774391,0.9959700703620912,0.5116328597068787,0.558813214302063,-0.1545748561620712,0.9975475072860718,0.5118218660354614,0.5565316081047058,-0.0640845745801925,0.9954338073730468,0.5036795139312744,0.570120632648468,-0.1194461584091186,0.9972764253616332,0.5038145780563354,0.5700362920761108,-0.0933358967304229,0.993682324886322,0.5267587304115295,0.6200283765792847,-0.1934233009815216,0.9999157786369324,0.5219906568527222,0.6026691198348999,0.0094982916489243,0.9986422061920166,0.5168946385383606,0.7046622633934021,-0.1922292709350586,0.96912682056427,0.5180360078811646,0.6731647253036499,0.0491745993494987,0.0606208331882953,0.4882316589355469,0.7268463969230652,-0.1369333863258361,0.9485301971435548,0.4923342168331146,0.7145442962646484,0.0338271036744117,0.1278630942106247,0.4795601665973663,0.7347890734672546,-0.1532674133777618,0.9194450378417968,0.4835352003574371,0.7191410064697266,0.0332789085805416,0.1467494815587997,0.4779507517814636,0.7288628816604614,-0.1548778563737869,0.9189633727073668,0.4820777773857116,0.7177729606628418,0.0164889059960842,0.1479795128107071,0.4807086288928985,0.7259844541549683,-0.1355500966310501,0.8705325722694397,0.4844348132610321,0.7173001766204834,0.0258529875427484,0.1593922227621078,0.5223749876022339,0.748773992061615,-0.0656683966517448,0.9999219179153442,0.5129697322845459,0.7245526909828186,0.0656939223408699,0.9997497797012328,0.4598248600959778,0.7744068503379822,-0.0728321000933647,0.9661311507225036,0.4645479023456573,0.7334922552108765,0.1254201680421829,0.5021304488182068,0.483552873134613,0.8498791456222534,0.0533178113400936,0.9460600018501282,0.4847303628921509,0.8107350468635559,0.2171226292848587,0.4332353174686432,0.4902902543544769,0.865107536315918,0.0675529763102531,0.8802497386932373,0.4941590130329132,0.8195739984512329,0.2269224822521209,0.4937396347522735,0.460347443819046,0.8686002492904663,0.0785002261400222,0.9230117797851562,0.4657104313373565,0.8314270377159119,0.2436665892601013,0.5025010108947754
0.4997514188289642,0.5608249306678772,-0.1118001565337181,0.9943721294403076,0.5024347305297852,0.5528315901756287,-0.1251146048307418,0.9968963265419006,0.5031112432479858,0.5529124736785889,-0.1251254975795745,0.9964187741279602,0.5037726759910583,0.5530117154121399,-0.1251647323369979,0.9977391958236694,0.5027211904525757,0.5526081919670105,-0.1051645502448082,0.9953080415725708,0.5035616755485535,0.5524020195007324,-0.1051594018936157,0.9939199090003968,0.504441499710083,0.5521200895309448,-0.1051782444119453,0.9961913228034972,0.5116106867790222,0.5589892864227295,-0.1572363823652267,0.9977045059204102,0.5119274258613586,0.5567767024040222,-0.0677072927355766,0.9956698417663574,0.5036799907684326,0.570110023021698,-0.1218087151646614,0.9974901080131532,0.5038334727287292,0.5700230598449707,-0.0959111303091049,0.9941771626472472,0.5261737704277039,0.62060546875,-0.1964966505765915,0.9999223351478576,0.5225032567977905,0.6028280854225159,0.0055466848425567,0.9987414479255676,0.516338050365448,0.7051656246185303,-0.1933604627847671,0.9688184857368468,0.519232451915741,0.6737877726554871,0.0499413833022117,0.0591773577034473,0.4869747757911682,0.726803719997406,-0.1414440423250198,0.9488767385482788,0.4923671185970306,0.714525580406189,0.0399444811046123,0.1256954967975616,0.4783317148685455,0.7347367405891418,-0.1580974161624908,0.921470582485199,0.4842661321163177,0.7192439436912537,0.0404205843806266,0.1465867906808853,0.4770499169826507,0.7281891107559204,-0.1584226489067077,0.9212632179260254,0.4828838407993316,0.7173519134521484,0.0239256508648395,0.1478591710329055,0.4794621467590332,0.7251836061477661,-0.1400908529758453,0.8738506436347961,0.4845625162124634,0.7168875336647034,0.0322687439620494,0.1590969562530517,0.5226404070854187,0.7489349842071533,-0.065632127225399,0.9999277591705322,0.5135268568992615,0.7244803309440613,0.0656555816531181,0.9997664093971252,0.4597536921501159,0.7736451625823975,-0.0683755129575729,0.967401385307312,0.4646814167499542,0.7334575057029724,0.1280106753110885,0.5134806632995605,0.483528733253479,0.8499584197998047,0.0552187673747539,0.9478338956832886,0.4848644137382507,0.8106051683425903,0.2214244455099105,0.4520392119884491,0.4904340803623199,0.8651981353759766,0.0693023577332496,0.8827527761459351,0.494226336479187,0.819572925567627,0.2314933240413665,0.5070645213127136,0.4603050947189331,0.868692934513092,0.0801888555288314,0.9266310334205629,0.4658519923686981,0.8310283422470093,0.2492261081933975,0.5228873491287231
0.4993150532245636,0.5608170628547668,-0.1139427945017814,0.9948310256004332,0.5020301342010498,0.5528034567832947,-0.1271075457334518,0.9971143007278442,0.5026829242706299,0.5529011487960815,-0.127117171883583,0.9966878890991212,0.5033327341079712,0.5529912710189819,-0.1271551847457885,0.997903048992157,0.5024093985557556,0.5525864958763123,-0.107025533914566,0.9956356883049012,0.5032801032066345,0.55238276720047,-0.1070232093334198,0.9943758845329284,0.5041935443878174,0.5520860552787781,-0.107046790421009,0.9964569211006165,0.5112489461898804,0.5590839385986328,-0.1591446548700332,0.9978700280189514,0.5118491053581238,0.5568225383758545,-0.0692085176706314,0.9959677457809448,0.50318843126297,0.5701001882553101,-0.1239797100424766,0.997704029083252,0.5034503936767578,0.5700125098228455,-0.0979372262954711,0.9946706891059875,0.5254167914390564,0.621586799621582,-0.1979611665010452,0.999928653240204,0.5225911736488342,0.6032866835594177,0.0027732725720852,0.99884033203125,0.5159372687339783,0.7054592370986938,-0.1999632567167282,0.9693552255630492,0.5191069841384888,0.6746445298194885,0.0503282062709331,0.05925253033638,0.4858511984348297,0.7269389629364014,-0.1603100001811981,0.9509416818618774,0.4917894005775451,0.7145320773124695,0.0426204800605773,0.1275861114263534,0.4775291681289673,0.73484206199646,-0.1790737062692642,0.925299108028412,0.483042299747467,0.7193219661712646,0.0434954948723316,0.1505092531442642,0.4762867987155914,0.7281978130340576,-0.1794817894697189,0.9252743124961852,0.4821320474147796,0.7173128724098206,0.0268454682081937,0.1518485695123672,0.4784881472587585,0.7252243161201477,-0.1594018191099167,0.8795128464698792,0.4844718277454376,0.7168152928352356,0.0349646918475627,0.1630832403898239,0.5229811668395996,0.7491698265075684,-0.0652889236807823,0.9999330043792723,0.5139814615249634,0.7242310643196106,0.0653133690357208,0.9997814893722534,0.4597879946231842,0.7730850577354431,-0.0662352964282035,0.9684622287750244,0.4648934304714203,0.7333043813705444,0.1258667111396789,0.5225555300712585,0.4833641052246094,0.85027015209198,0.0593360438942909,0.9491376876831056,0.4847052991390228,0.8105335831642151,0.2234727591276168,0.4648506045341491,0.4903397262096405,0.8652653098106384,0.0737107917666435,0.8850072622299194,0.4940580427646637,0.8194215893745422,0.234052762389183,0.5162442326545715,0.4602836370468139,0.8685762286186218,0.0852681770920753,0.9295499324798584,0.4658487737178802,0.8308467268943787,0.2522444128990173,0.5381694436073303
0.4992526471614837,0.5608345866203308,-0.1134466975927352,0.9952359795570374,0.5018723011016846,0.5528309345245361,-0.1265121400356292,0.9973059296607972,0.5024862289428711,0.5529302954673767,-0.1265215873718261,0.9969276785850524,0.5030866861343384,0.5530345439910889,-0.1265582591295242,0.9980471134185792,0.5023146867752075,0.5525917410850525,-0.1065429523587226,0.9959216117858888,0.5031944513320923,0.5523923635482788,-0.1065434589982032,0.994779646396637,0.5041052103042603,0.5521125197410583,-0.106569655239582,0.996688425540924,0.5108157396316528,0.5592570304870605,-0.1584587842226028,0.998017191886902,0.5117173790931702,0.5569167733192444,-0.0690343454480171,0.9962351322174072,0.5031377673149109,0.5700871348381042,-0.1234491020441055,0.9978954792022704,0.5034161806106567,0.5700255036354065,-0.0975457355380058,0.9951135516166688,0.5251907110214233,0.6217698454856873,-0.1968596577644348,0.9999345541000366,0.5226535797119141,0.603232204914093,0.00222077826038,0.9989309310913086,0.5157376527786255,0.7059488892555237,-0.1997968554496765,0.9699628353118896,0.5189974904060364,0.6750166416168213,0.0547457896173,0.0595185719430446,0.485385537147522,0.7270184755325317,-0.1633635461330413,0.9530947804450988,0.4913781285285949,0.7142276167869568,0.0530020333826541,0.1294623166322708,0.4770419001579284,0.7348528504371643,-0.182138904929161,0.9291789531707764,0.4824108481407165,0.7186188101768494,0.0550690665841102,0.1544120162725448,0.475908875465393,0.7282129526138306,-0.1825235038995742,0.9292998909950256,0.4816694855690002,0.7169827818870544,0.0384689383208751,0.1559402197599411,0.4781142473220825,0.7252277135848999,-0.1624968349933624,0.8852285146713257,0.4843250811100006,0.7164983749389648,0.045584499835968,0.1673198938369751,0.5235274434089661,0.7487086653709412,-0.0650433376431465,0.9999377727508544,0.5146912336349487,0.7235789895057678,0.0650699511170387,0.9997954368591307,0.4600679278373718,0.77265864610672,-0.066753938794136,0.9696142673492432,0.4653730094432831,0.7332630753517151,0.122327871620655,0.5316187739372253,0.4831879734992981,0.8500710129737854,0.0565371736884117,0.9506738781929016,0.4846325814723968,0.810642421245575,0.2171099632978439,0.4782227575778961,0.4902810156345367,0.865285336971283,0.0708418637514114,0.8877397775650024,0.4939737319946289,0.8194959759712219,0.2273712158203125,0.5258095860481262,0.4602472484111786,0.8684141635894775,0.0828986316919326,0.932527482509613,0.4658819735050201,0.8306224346160889,0.2451642155647277,0.5528952479362488
0.4990612268447876,0.5606998205184937,-0.111913152039051,0.9956190586090088,0.5015011429786682,0.5527195930480957,-0.124927170574665,0.997499406337738,0.5020393133163452,0.5528395771980286,-0.1249354258179664,0.9971655607223512,0.5025476217269897,0.5529688000679016,-0.1249708607792854,0.9981915950775146,0.5020838379859924,0.55245441198349,-0.1051926165819168,0.9962062239646912,0.5029940605163574,0.5522635579109192,-0.1051923781633377,0.9951728582382202,0.5039170980453491,0.5519983768463135,-0.1052184626460075,0.9969160556793212,0.5099436044692993,0.5592455267906189,-0.1571698039770126,0.9981666207313538,0.5115662813186646,0.5568833351135254,-0.0692924037575721,0.9965026378631592,0.5029585361480713,0.5699145197868347,-0.1219779923558235,0.9980770945549012,0.5033037662506104,0.5698911547660828,-0.0963875502347946,0.9955340027809144,0.5244539380073547,0.6218387484550476,-0.1955353915691375,0.9999402165412904,0.5226665735244751,0.603153645992279,0.0014511077897623,0.9990146160125732,0.5157681703567505,0.7063791155815125,-0.197851225733757,0.9706006050109864,0.5188058614730835,0.6755723357200623,0.0587779730558395,0.0592465959489345,0.4852679669857025,0.7267945408821106,-0.160208523273468,0.9551358819007874,0.4913902282714844,0.7138445973396301,0.0619161203503608,0.1300567388534546,0.4768446683883667,0.7346556782722473,-0.1786264330148697,0.9327893257141112,0.4822774827480316,0.7181649804115295,0.0648527890443801,0.1569309383630752,0.4753975570201874,0.7280932068824768,-0.1823014765977859,0.9330394864082336,0.4815214872360229,0.7167283892631531,0.048336986452341,0.1585248857736587,0.4777642786502838,0.7250040769577026,-0.1598952859640121,0.8907315135002136,0.4843598902225494,0.7162474393844604,0.0547410883009433,0.170068472623825,0.5237650871276855,0.7490180134773254,-0.0648016184568405,0.9999426007270812,0.5155254006385803,0.7233218550682068,0.0648245140910148,0.9998091459274292,0.4600817859172821,0.7722471356391907,-0.0608137473464012,0.9709620475769044,0.4667704403400421,0.7322965860366821,0.1277964413166046,0.5360135436058044,0.4830793142318725,0.8492701649665833,0.05679876729846,0.9527511596679688,0.4846684336662292,0.810270369052887,0.2200096100568771,0.4901811182498932,0.4903864562511444,0.8646066784858704,0.0707276985049247,0.8915815353393555,0.494033932685852,0.8192217350006104,0.2301701754331588,0.5349084734916687,0.4602096974849701,0.8682710528373718,0.0843487083911895,0.9359992742538452,0.4662300050258636,0.8298720717430115,0.2492437809705734,0.5664384961128235
0.4986733794212341,0.5607612133026123,-0.1121649369597435,0.995902180671692,0.5010060667991638,0.5527711510658264,-0.1251820474863052,0.9976248741149902,0.5015189051628113,0.5529071092605591,-0.1251925379037857,0.9973315596580504,0.5020004510879517,0.5530638098716736,-0.1252304464578628,0.9982906579971312,0.5016199350357056,0.5524576306343079,-0.1055922210216522,0.9963825941085817,0.5025247931480408,0.5522599816322327,-0.1055940091609954,0.9954317808151244,0.5034201741218567,0.5519957542419434,-0.1056237742304802,0.9970507621765136,0.5094897747039795,0.5593706369400024,-0.1571316868066787,0.998264729976654,0.5110033750534058,0.5568863749504089,-0.0696727707982063,0.9966769218444824,0.502733588218689,0.5699965953826904,-0.1220873966813087,0.99822199344635,0.503084123134613,0.5699458122253418,-0.0966889560222625,0.9958662986755372,0.5244101881980896,0.622384786605835,-0.1951184272766113,0.9999452233314514,0.5225579142570496,0.6033377647399902,0.0011738000903278,0.9990833401679992,0.516135573387146,0.7068796753883362,-0.201178103685379,0.9715709090232848,0.5185893177986145,0.6762176156044006,0.0614526160061359,0.0585055835545063,0.4849250018596649,0.7266929149627686,-0.1714428067207336,0.9577402472496032,0.4910947680473327,0.7131969332695007,0.0685443133115768,0.1304547041654586,0.4761877357959747,0.7346547842025757,-0.1904721111059188,0.936964750289917,0.4820673763751983,0.7175787687301636,0.0719950646162033,0.1592070758342743,0.4745875895023346,0.7281099557876587,-0.1908188015222549,0.93728905916214,0.4812555015087127,0.7162767648696899,0.0556083656847476,0.1610376387834549,0.4771429300308227,0.724986732006073,-0.1704841554164886,0.8969300985336304,0.4836058914661407,0.7156500816345215,0.0615375712513923,0.1729942262172699,0.5243189930915833,0.7494312524795532,-0.0645945370197296,0.9999461770057678,0.5161540508270264,0.7235697507858276,0.0646196156740188,0.999819278717041,0.4607183635234833,0.771586000919342,-0.0620595924556255,0.9712238311767578,0.4668715298175812,0.7322795391082764,0.1223756298422813,0.5372384190559387,0.4830808639526367,0.8491820096969604,0.0586298517882823,0.952886402606964,0.4845914244651794,0.8111255168914795,0.2133533507585525,0.4934718310832977,0.4905922710895538,0.8647103905677795,0.0729414299130439,0.8923115134239197,0.4939055144786834,0.820747435092926,0.2235518097877502,0.5365928411483765,0.4602833986282348,0.8679123520851135,0.0874280259013176,0.9371494054794312,0.4662626087665558,0.8299059271812439,0.2417560666799545,0.5712224841117859
0.4974161088466644,0.5615389943122864,-0.1115147396922111,0.9962282180786132,0.4995208978652954,0.5538773536682129,-0.1244774013757705,0.9977944493293762,0.5000686645507812,0.5540157556533813,-0.1244871169328689,0.9975356459617616,0.5005851984024048,0.5541877746582031,-0.1245232746005058,0.998416304588318,0.5001261830329895,0.55340975522995,-0.1049088388681411,0.996630072593689,0.501103401184082,0.5531224012374878,-0.1049105077981948,0.9957678318023682,0.5020270943641663,0.5527791976928711,-0.1049403697252273,0.9972496628761292,0.5079920291900635,0.5599241852760315,-0.1563309580087661,0.9983920454978944,0.5095075964927673,0.557212233543396,-0.0693123266100883,0.9969168305397034,0.501837432384491,0.5704940557479858,-0.1214482933282852,0.9983736872673036,0.5021898150444031,0.570389986038208,-0.0961165875196456,0.996213972568512,0.5237717032432556,0.6230388879776001,-0.1947168558835983,0.9999499917030334,0.5214463472366333,0.6036207675933838,0.0005758302868343,0.9991533160209656,0.5166714787483215,0.7082797288894653,-0.1990732699632644,0.9727571606636048,0.5178876519203186,0.676994800567627,0.063689224421978,0.0587118938565254,0.4848496615886688,0.7260163426399231,-0.1683573573827743,0.9603549242019652,0.4899399578571319,0.7123755216598511,0.0750864222645759,0.1327153295278549,0.4759434461593628,0.7343376874923706,-0.1866282522678375,0.9409623742103576,0.4813112914562225,0.7172154188156128,0.0795227363705635,0.1630794107913971,0.4743721187114715,0.7278034090995789,-0.1863235533237457,0.9413328170776368,0.4797289967536926,0.7158089280128479,0.0629997104406356,0.1651570051908493,0.4770586192607879,0.7242622375488281,-0.1671827435493469,0.902919590473175,0.4826372563838959,0.7141690850257874,0.0681845918297767,0.1776356250047683,0.5245216488838196,0.7494526505470276,-0.0644071325659751,0.9999495148658752,0.5161238312721252,0.7233892679214478,0.0644371956586837,0.9998291730880736,0.461226612329483,0.7714168429374695,-0.0627355054020881,0.9719226956367492,0.4668291807174682,0.7336959838867188,0.1143940314650535,0.5420196652412415,0.48308926820755,0.8491550087928772,0.0526737309992313,0.9534619450569152,0.4827578663825989,0.8118047714233398,0.2129228115081787,0.499625414609909,0.4907443821430206,0.8649110198020935,0.0664541721343994,0.8931979537010193,0.4938099682331085,0.8213860392570496,0.2213560491800308,0.5410827398300171,0.4604454636573791,0.8677293658256531,0.0800228789448738,0.938567042350769,0.4662329256534576,0.8303326368331909,0.235891044139862,0.5782737135887146
0.4961797595024109,0.561814546585083,-0.1184030920267105,0.996470868587494,0.4985368847846985,0.5542172789573669,-0.1313876807689666,0.9979036450386048,0.499161422252655,0.5544255971908569,-0.1313981115818023,0.9976806044578552,0.4997393190860748,0.554685115814209,-0.1314405500888824,0.9985007047653198,0.4990194439888,0.5536035895347595,-0.1118424162268638,0.9967784881591796,0.4999554455280304,0.5532814264297485,-0.1118466928601265,0.9959897398948668,0.5008173584938049,0.5529129505157471,-0.1118738874793052,0.9973591566085817,0.5073292851448059,0.5605342388153076,-0.1616812497377395,0.9984814524650574,0.5083259344100952,0.5574102997779846,-0.07418904453516,0.9970528483390808,0.5010635256767273,0.571063220500946,-0.1275482922792434,0.9984943270683287,0.5011894702911377,0.5708192586898804,-0.1021819934248924,0.9964826107025146,0.5235528349876404,0.6242023706436157,-0.1959057599306106,0.9999540448188782,0.5203621983528137,0.6037039756774902,-0.0022861624602228,0.9992114305496216,0.517117977142334,0.7095499634742737,-0.2005242705345153,0.973561704158783,0.5172126293182373,0.6769263744354248,0.061365321278572,0.0590486228466033,0.4848960638046264,0.7254605293273926,-0.1703033745288849,0.9620524644851683,0.4893388450145721,0.7117267847061157,0.069119282066822,0.1339075416326522,0.475861519575119,0.733437716960907,-0.1884535700082779,0.9437629580497742,0.4811385869979858,0.7166142463684082,0.0729710608720779,0.1657957136631012,0.4743746221065521,0.7269229888916016,-0.1883414536714553,0.9442015886306764,0.4792121946811676,0.7153321504592896,0.0563666075468063,0.1681282073259353,0.4772031605243683,0.7231698036193848,-0.1691040247678756,0.906920850276947,0.4823251664638519,0.7131502628326416,0.0620997138321399,0.1807925254106521,0.5246419310569763,0.7491949200630188,-0.0642892271280288,0.99995219707489,0.5161079168319702,0.7232046127319336,0.0643196329474449,0.9998371005058287,0.4617067277431488,0.771199107170105,-0.0677382797002792,0.9723861813545228,0.4665572047233581,0.7299247980117798,0.113672986626625,0.5463663339614868,0.4832579493522644,0.8491023778915405,0.0493804551661014,0.9539015293121338,0.4824883639812469,0.811954915523529,0.2094657272100448,0.5070647597312927,0.4910160601139068,0.8651915788650513,0.0627976804971695,0.8941053152084351,0.4937599599361419,0.8220128417015076,0.2182956784963607,0.5466695427894592,0.4605962932109833,0.8668897151947021,0.0740486159920692,0.9397928714752196,0.4662329852581024,0.8303171396255493,0.2335754483938217,0.5858237743377686
0.4951848983764648,0.5625655651092529,-0.1180254444479942,0.9967709183692932,0.497387021780014,0.5552293658256531,-0.1301999390125274,0.998071551322937,0.4980357587337494,0.5554748773574829,-0.1302175670862198,0.9978747963905334,0.4985964894294739,0.5557564496994019,-0.1302564144134521,0.99862140417099,0.4978132843971252,0.5544620156288147,-0.1102752760052681,0.997031569480896,0.4987451434135437,0.5540672540664673,-0.1102758571505546,0.9963178038597108,0.4995554983615875,0.5536081790924072,-0.1103113666176796,0.9975627660751344,0.5062993168830872,0.5613079071044922,-0.1600510030984878,0.9986066818237304,0.5069624185562134,0.5578024387359619,-0.072271391749382,0.997288942337036,0.5000908374786377,0.5720561146736145,-0.1271206140518188,0.9986266493797302,0.5002071857452393,0.5717791318893433,-0.1011399403214454,0.9967913031578064,0.5217405557632446,0.6247110366821289,-0.1954063773155212,0.999958038330078,0.520046591758728,0.6036996245384216,-0.0017209773650392,0.999276638031006,0.5160768032073975,0.7096925377845764,-0.1890638321638107,0.9742094278335572,0.5155798196792603,0.6748595833778381,0.0657593384385109,0.0592447966337204,0.4839859306812286,0.7243376970291138,-0.145094409584999,0.9631292819976808,0.4896737039089203,0.7102513909339905,0.0781026035547256,0.1323921233415603,0.4749602675437927,0.7319361567497253,-0.1607694923877716,0.9457640647888184,0.4812433421611786,0.7154877781867981,0.0833121836185455,0.1650836616754531,0.4739283323287964,0.7256325483322144,-0.1613652110099792,0.9462900757789612,0.479347288608551,0.7133554816246033,0.0669356882572174,0.1674868017435073,0.4768942296504974,0.721674382686615,-0.143800675868988,0.9098639488220216,0.4823749959468841,0.7118747234344482,0.0713825300335884,0.1802266538143158,0.5247258543968201,0.7489826679229736,-0.0642055347561836,0.9999551773071288,0.5164663195610046,0.7230880856513977,0.0642365664243698,0.9998462796211244,0.4619672894477844,0.7710478901863098,-0.0638241395354271,0.973126232624054,0.4677792191505432,0.7321462035179138,0.1193141490221023,0.5486980080604553,0.4837337434291839,0.8490675687789917,0.0443528518080711,0.9552749395370485,0.4825360476970672,0.8119397163391113,0.2077755779027938,0.516852617263794,0.4914666414260864,0.8652419447898865,0.0568908639252185,0.8970586657524109,0.4937390983104706,0.8221419453620911,0.2169069200754165,0.5557600259780884,0.4608696103096008,0.8660746216773987,0.0738062709569931,0.9422205090522766,0.4662449657917022,0.8303669095039368,0.2338087111711502,0.5961275100708008
0.4932413101196289,0.5626752972602844,-0.1114331632852554,0.9970607161521912,0.4955275356769562,0.5554156303405762,-0.1247566863894462,0.998237669467926,0.4961167275905609,0.5556973814964294,-0.1247585862874984,0.9980635643005372,0.496687114238739,0.5560284852981567,-0.1247975751757621,0.998740017414093,0.4959245026111603,0.5545873641967773,-0.1056008338928222,0.9972875118255616,0.4967751502990722,0.5541877150535583,-0.1056073531508445,0.9966451525688172,0.4976126849651336,0.5537287592887878,-0.1056266501545906,0.997772216796875,0.5037089586257935,0.5616370439529419,-0.1576204299926757,0.998727560043335,0.5047556161880493,0.5579477548599243,-0.0717643648386001,0.9975263476371764,0.4981606304645538,0.5724101066589355,-0.1216090768575668,0.9987500309944152,0.4982982277870178,0.5720910429954529,-0.0967353656888008,0.9970811605453492,0.518704354763031,0.6253955960273743,-0.1911247223615646,0.99996155500412,0.518406093120575,0.6039248704910278,-0.0011723897187039,0.9993390440940856,0.5154060125350952,0.7097823023796082,-0.1764982491731643,0.9742865562438964,0.5143005847930908,0.6735013127326965,0.0666869208216667,0.0605739988386631,0.4833472371101379,0.722590446472168,-0.1187227070331573,0.9626817107200624,0.4901776015758514,0.7087571620941162,0.0843920856714248,0.1328202337026596,0.474440723657608,0.730202853679657,-0.1317119747400283,0.9458420276641846,0.4813149273395538,0.7134366035461426,0.0901597291231155,0.1666956543922424,0.4735240638256073,0.7243640422821045,-0.1324971318244934,0.9464930891990662,0.4795183539390564,0.7125844955444336,0.0742353200912475,0.1691343486309051,0.4765638411045074,0.7205612659454346,-0.1171953529119491,0.910160481929779,0.4825301468372345,0.7113243937492371,0.0780294984579086,0.1817978769540786,0.5244215130805969,0.7487934231758118,-0.0640669837594032,0.9999578595161438,0.5163046717643738,0.7229980826377869,0.0640931650996208,0.999854862689972,0.4620918929576874,0.7706805467605591,-0.0543956831097602,0.973530650138855,0.4685173034667969,0.7338769435882568,0.1277627646923065,0.5412604808807373,0.4843473136425018,0.8490246534347534,0.0402751378715038,0.9566348195075988,0.4839276671409607,0.8118534684181213,0.2123927921056747,0.5217379331588745,0.4920755326747894,0.8653337955474854,0.0516689531505107,0.9005566835403442,0.4938716292381286,0.8221255540847778,0.2215370833873748,0.5629869699478149,0.4611354768276214,0.8653456568717957,0.0687783062458038,0.9446598887443542,0.4662513434886932,0.8303584456443787,0.2414418011903762,0.6029793620109558
0.490995854139328,0.5628136992454529,-0.1032279431819915,0.997321844100952,0.4931083619594574,0.555533230304718,-0.1170700713992118,0.9983869194984436,0.4936116635799408,0.5558758974075317,-0.1170689389109611,0.9982335567474364,0.4940621256828308,0.5562880635261536,-0.1171038076281547,0.9988465905189514,0.4935661852359772,0.554618239402771,-0.0976023823022842,0.997519552707672,0.4943837821483612,0.5542168021202087,-0.0976067408919334,0.9969415664672852,0.4951367974281311,0.5537625551223755,-0.0976208075881004,0.9979610443115234,0.5007569193840027,0.5619713664054871,-0.1525521576404571,0.9988358020782472,0.5025457143783569,0.5580342411994934,-0.0654781237244606,0.9977360367774964,0.49564129114151,0.5726882219314575,-0.1144012957811355,0.9988598227500916,0.4958396255970001,0.5722611546516418,-0.0891302302479744,0.997339367866516,0.5164094567298889,0.6253063082695007,-0.1887124329805374,0.999964714050293,0.5174724459648132,0.6041911840438843,0.0034828854259103,0.999393880367279,0.5145503878593445,0.7095609307289124,-0.1704741865396499,0.9742116332054138,0.5141175389289856,0.6734791398048401,0.0677526071667671,0.0607513226568698,0.4830488860607147,0.7210797667503357,-0.1031134873628616,0.9619582891464232,0.489059180021286,0.7062768340110779,0.0806442648172378,0.1310145556926727,0.4743351638317108,0.7291967272758484,-0.1150648519396781,0.9455187916755676,0.4820305407047272,0.7137709856033325,0.085573710501194,0.1655010730028152,0.4735115468502044,0.723396360874176,-0.1161119565367698,0.9462658762931824,0.4796204268932342,0.7127209305763245,0.0699752643704414,0.167835846543312,0.4765336215496063,0.7197443246841431,-0.1014221608638763,0.9098203778266908,0.4826004803180694,0.7115132808685303,0.0741262957453727,0.1803345382213592,0.5243471264839172,0.7486964464187622,-0.0643773823976516,0.9999601244926452,0.5163533091545105,0.7231956720352173,0.0643926560878753,0.9998615384101868,0.4622949361801147,0.7706353068351746,-0.0446189418435096,0.9739146828651428,0.4697248041629791,0.7349589467048645,0.1424670964479446,0.5302279591560364,0.4847343564033508,0.8490796685218811,0.0402486957609653,0.9581274390220642,0.4850386381149292,0.8119587898254395,0.2260849773883819,0.5238675475120544,0.4922848641872406,0.8657532930374146,0.0511492863297462,0.9037548303604126,0.4941531121730804,0.8226564526557922,0.2351603209972381,0.5680398344993591,0.4611924886703491,0.865182638168335,0.065385490655899,0.9471262693405152,0.4661931693553924,0.8306552767753601,0.2553116381168365,0.608295202255249
0.4888325035572052,0.5633706450462341,-0.0939219072461128,0.9975283741950988,0.490849107503891,0.5560786128044128,-0.107278898358345,0.998499870300293,0.4913055598735809,0.5564678311347961,-0.10728470236063,0.9983673691749572,0.4916870892047882,0.5569162964820862,-0.1073231622576713,0.9989266395568848,0.4912238121032715,0.5549988150596619,-0.0882106348872184,0.997694969177246,0.4919534623622894,0.5545572638511658,-0.0882124081254005,0.9971745610237122,0.4926007091999054,0.5540568232536316,-0.0882303193211555,0.9981011152267456,0.4976001977920532,0.5623521208763123,-0.1422974318265915,0.9989176392555236,0.4994769990444183,0.558201789855957,-0.0570133738219738,0.9978876113891602,0.4931774437427521,0.5731884837150574,-0.105034552514553,0.9989446997642516,0.4934744238853454,0.5726274847984314,-0.080299898982048,0.9975400567054749,0.5145716071128845,0.6252455711364746,-0.1795258224010467,0.9999671578407288,0.5158501863479614,0.6046844720840454,0.0096910260617733,0.9994319081306458,0.5142068862915039,0.7095319628715515,-0.1613079607486724,0.973795473575592,0.5142211318016052,0.6755686402320862,0.0704469829797744,0.0593442283570766,0.4832496047019958,0.7195383906364441,-0.0947841703891754,0.9610873460769652,0.489215224981308,0.7056492567062378,0.0803334563970565,0.1265020966529846,0.4743706881999969,0.7264434099197388,-0.1067150831222534,0.9448329210281372,0.4833713173866272,0.7123168110847473,0.0849624350666999,0.161270871758461,0.4739058911800384,0.7208988666534424,-0.1062320992350578,0.9457168579101562,0.4814141988754272,0.7121980786323547,0.0700400620698928,0.1634126603603363,0.476966381072998,0.7174314260482788,-0.0924836918711662,0.90907621383667,0.4851427674293518,0.711022675037384,0.0740403160452842,0.1754960268735885,0.5242685079574585,0.7486878633499146,-0.0644288808107376,0.999960958957672,0.516403317451477,0.723789393901825,0.0644442066550254,0.9998613595962524,0.4623323976993561,0.7706355452537537,-0.0454793684184551,0.973371922969818,0.4698860347270965,0.7388474941253662,0.1445204317569732,0.5120891332626343,0.4847083985805511,0.8490815758705139,0.0403116196393966,0.9578791856765748,0.4844257235527038,0.8122842907905579,0.2313098460435867,0.5186619758605957,0.4922272562980652,0.866245687007904,0.0516728051006794,0.905305564403534,0.494143396615982,0.8252566456794739,0.2406792342662811,0.5669174194335938,0.4612442255020141,0.8644652962684631,0.066146396100521,0.9478422403335572,0.4661990404129028,0.8318106532096863,0.2603219747543335,0.6052044034004211
0.4861169457435608,0.5629785656929016,-0.0960733145475387,0.997717261314392,0.4883436262607574,0.5558041334152222,-0.10928475856781,0.9986031651496888,0.4888268411159515,0.556328296661377,-0.1092956587672233,0.9984893202781676,0.4892130196094513,0.5568928122520447,-0.1093403920531272,0.9990001916885376,0.4885081648826599,0.5543663501739502,-0.0907045677304267,0.9978545904159546,0.4891301095485687,0.5538386702537537,-0.0907077938318252,0.997385323047638,0.4896473586559295,0.5532641410827637,-0.0907260328531265,0.9982253313064576,0.4953738152980804,0.5623417496681213,-0.1431658864021301,0.9989897012710572,0.49671471118927,0.5578063130378723,-0.0595579110085964,0.9980234503746032,0.490406721830368,0.5730183124542236,-0.1066247895359993,0.999020218849182,0.4902739822864532,0.5720986127853394,-0.0825630500912666,0.99771910905838,0.5120466351509094,0.625152051448822,-0.1767361462116241,0.999969244003296,0.5144434571266174,0.6047132015228271,0.0079895947128534,0.9994623064994812,0.5135641694068909,0.7093939781188965,-0.1489358246326446,0.97243994474411,0.5163564085960388,0.6779624819755554,0.073769561946392,0.0568317361176013,0.4837651252746582,0.7180379033088684,-0.0707552880048751,0.9582882523536682,0.4952770471572876,0.7057502865791321,0.0951912775635719,0.118869312107563,0.4753734767436981,0.724336564540863,-0.0793641507625579,0.9424382448196412,0.4906431138515472,0.7128855586051941,0.1013308688998222,0.1534698605537414,0.4755719304084778,0.7180342674255371,-0.0802689269185066,0.9435241222381592,0.488956481218338,0.7120650410652161,0.0880027264356613,0.1553520411252975,0.4785973131656647,0.7153851985931396,-0.0685367956757545,0.9062153100967408,0.4911971688270569,0.7104230523109436,0.0899585857987403,0.1668565422296524,0.5242359042167664,0.7485891580581665,-0.0645263940095901,0.9999622106552124,0.5167378187179565,0.7237226366996765,0.064548872411251,0.9998613595962524,0.462333619594574,0.7706334590911865,-0.0444487743079662,0.9725417494773864,0.4701224863529205,0.7388641238212585,0.1428429931402206,0.4913018941879272,0.4848702847957611,0.8493478894233704,0.0425116196274757,0.957329273223877,0.4854315519332886,0.8139017224311829,0.2308458834886551,0.5097471475601196,0.4926885068416595,0.8666223883628845,0.053756970912218,0.9060202836990356,0.4944391846656799,0.8256379961967468,0.2401503175497055,0.561674177646637,0.461607813835144,0.8645634651184082,0.0694699138402938,0.9480018019676208,0.4664683640003204,0.8335658311843872,0.2584194839000702,0.5973864197731018
0.4837040901184082,0.563093364238739,-0.0927681177854538,0.9978867173194884,0.4857496619224548,0.5557631850242615,-0.1060865223407745,0.9986937642097472,0.4862115979194641,0.556278645992279,-0.106091171503067,0.9985960721969604,0.4866277575492859,0.5568572878837585,-0.1061346903443336,0.9990646839141846,0.486053854227066,0.5543557405471802,-0.0877467542886734,0.9980031251907348,0.4867632985115051,0.5538342595100403,-0.0877512842416763,0.9975825548171996,0.4874502718448639,0.5532711148262024,-0.0877757295966148,0.9983484745025636,0.4935449361801147,0.5626127123832703,-0.1401477456092834,0.9990508556365968,0.4946092069149017,0.557895302772522,-0.058118101209402,0.9981571435928344,0.4879719614982605,0.5730141401290894,-0.1034395694732666,0.9990898966789246,0.4879533052444458,0.5721301436424255,-0.0797656923532486,0.9978868961334229,0.5101584792137146,0.6250907778739929,-0.1734518408775329,0.9999707341194152,0.5122884511947632,0.6042529940605164,0.0084305722266435,0.9994940757751464,0.5135953426361084,0.7084670066833496,-0.1482661366462707,0.9702353477478028,0.5162455439567566,0.6779571175575256,0.0765847265720367,0.0548710785806179,0.4855099320411682,0.7175080180168152,-0.0777920857071876,0.95243239402771,0.4949855506420135,0.7061460018157959,0.0995097905397415,0.1120234429836273,0.4768036603927612,0.7238200306892395,-0.0871547088027,0.936581254005432,0.4899888336658478,0.7131146192550659,0.1054464876651763,0.1459390074014663,0.4769194424152374,0.7173852324485779,-0.0883660539984703,0.9379236698150636,0.4872749447822571,0.7122068405151367,0.0920895040035247,0.1475446671247482,0.4800997972488403,0.7149127125740051,-0.0760706439614296,0.8983252644538879,0.4902328252792358,0.7105805277824402,0.0942137390375137,0.1584169268608093,0.52422034740448,0.7481135129928589,-0.0645565390586853,0.999962329864502,0.5167527198791504,0.7231103777885437,0.0645864680409431,0.9998583793640136,0.4623236656188965,0.7709684371948242,-0.0574725940823555,0.9730477333068848,0.4700634777545929,0.7391579747200012,0.1370225548744201,0.4843562543392181,0.4852862060070038,0.8504053950309753,0.034014955163002,0.957822322845459,0.4861811697483063,0.8137555122375488,0.2278434783220291,0.507990300655365,0.4930154681205749,0.867307722568512,0.0457254722714424,0.9070751667022704,0.4949035048484802,0.8251099586486816,0.2374040782451629,0.5593640208244324,0.4619071781635284,0.866877555847168,0.0580442063510417,0.9485875964164734,0.4671092331409454,0.8333364129066467,0.2544718086719513,0.5931931734085083
0.4792034924030304,0.5621836185455322,-0.0851528123021125,0.9980398416519164,0.482159823179245,0.5547316074371338,-0.0981060266494751,0.9987698793411256,0.4827976822853088,0.5553099513053894,-0.0981061905622482,0.9986871480941772,0.4833092391490936,0.5560091137886047,-0.0981420427560806,0.9991186857223512,0.4821097254753113,0.5534031391143799,-0.0807189047336578,0.9981272220611572,0.4827775955200195,0.5529835820198059,-0.0807158425450325,0.9977506399154664,0.4833457171916961,0.5525434017181396,-0.0807378813624382,0.9984492659568788,0.4905747473239898,0.562366783618927,-0.1321429908275604,0.9990997314453124,0.4910490810871124,0.55754554271698,-0.0545453205704689,0.9982534050941468,0.4836640954017639,0.5724003911018372,-0.0958635061979293,0.9991480112075806,0.4834140539169311,0.5713303685188293,-0.0734452828764915,0.9980195760726928,0.5062864422798157,0.6226881742477417,-0.1657005697488784,0.999972403049469,0.5099679231643677,0.6030147671699524,0.0089071309193968,0.9995179772377014,0.5139265656471252,0.7054474949836731,-0.1367087364196777,0.9689554572105408,0.5162496566772461,0.6816373467445374,0.0696767643094062,0.05321641638875,0.486433207988739,0.7178908586502075,-0.0617107264697551,0.9506035447120668,0.4952510893344879,0.7134082317352295,0.0826890766620636,0.1073713228106498,0.4774389564990997,0.7243218421936035,-0.0685833841562271,0.9348226189613342,0.4901975095272064,0.7212136387825012,0.0868538692593574,0.1412926167249679,0.4773047268390655,0.7178027033805847,-0.0687932893633842,0.9362674951553344,0.4864341914653778,0.715115487575531,0.0795741006731987,0.1424505710601806,0.4806298017501831,0.715355634689331,-0.0591708794236183,0.896710991859436,0.4900630712509155,0.7133328914642334,0.0792658552527427,0.1525208950042724,0.5230492949485779,0.74581378698349,-0.0641420409083366,0.999963104724884,0.5168504118919373,0.7225656509399414,0.064153179526329,0.9998560547828674,0.4619895219802856,0.7709651589393616,-0.0573772005736827,0.973301351070404,0.4683727622032165,0.7388955354690552,0.1386827379465103,0.4663326740264892,0.4853643774986267,0.8504753112792969,0.0191318299621343,0.9587697386741638,0.4865869283676147,0.8136237859725952,0.2247643023729324,0.5032879710197449,0.493118941783905,0.8677211999893188,0.0291422642767429,0.9092575907707214,0.4952402114868164,0.8234679102897644,0.2355356514453888,0.5583680868148804,0.46198770403862,0.8680803179740906,0.0413218662142753,0.9497859477996826,0.4670534133911133,0.8344698548316956,0.2517305612564087,0.5879547595977783
0.4757649302482605,0.5592723488807678,-0.074416309595108,0.9981826543807985,0.4788837730884552,0.5519144535064697,-0.0873911827802658,0.9988479018211364,0.4796681702136993,0.552437961101532,-0.0873919278383255,0.9987768530845642,0.4803267419338226,0.5530592799186707,-0.0874276161193847,0.9991737008094788,0.4784812331199646,0.5509900450706482,-0.0695050582289695,0.9982524514198304,0.4790255129337311,0.5507733821868896,-0.0694927871227264,0.99791419506073,0.4795887768268585,0.5504981875419617,-0.0695099383592605,0.9985530972480774,0.4877243638038635,0.5597804188728333,-0.1213883832097053,0.9991515278816224,0.4878662526607513,0.5555972456932068,-0.0419257506728172,0.9983558058738708,0.4802938401699066,0.5706592798233032,-0.0854125544428825,0.9991992712020874,0.4797713160514831,0.5695971846580505,-0.0623906962573528,0.99814635515213,0.5010831952095032,0.6168534159660339,-0.1607866585254669,0.9999732971191406,0.5074530839920044,0.6023105978965759,0.0212591756135225,0.9995351433753968,0.5091723799705505,0.7044187188148499,-0.1305175274610519,0.9657825231552124,0.5149614214897156,0.6836758255958557,0.0673765689134597,0.0506469011306762,0.4856313169002533,0.7181226015090942,-0.0462380796670913,0.9451833963394164,0.4942242205142975,0.7144083380699158,0.0611242800951004,0.1010840162634849,0.4770660698413849,0.7247218489646912,-0.0529248602688312,0.9289048910140992,0.4893778860569,0.7231857776641846,0.0632808059453964,0.1339951157569885,0.4765714406967163,0.7182847261428833,-0.053114678710699,0.9306402802467346,0.4862104952335357,0.7180064916610718,0.0514013580977916,0.1348557621240615,0.4797798097133636,0.7157143354415894,-0.0436939410865306,0.8905763030052185,0.4878753423690796,0.7165182828903198,0.0555342063307762,0.1442346423864364,0.5213881731033325,0.7443249225616455,-0.0640844330191612,0.9999624490737916,0.5168582201004028,0.7225568294525146,0.064085841178894,0.9998507499694824,0.4616149663925171,0.770711362361908,-0.0563783422112464,0.9725399613380432,0.4677815735340118,0.7400216460227966,0.1385090500116348,0.4452754855155945,0.4854073226451874,0.8503729701042175,0.0177873652428388,0.9582728743553162,0.4865550100803375,0.8135855197906494,0.2207343429327011,0.4944117367267608,0.4930963516235351,0.8676789999008179,0.0275629367679357,0.910633623600006,0.4952355921268463,0.8234244585037231,0.2292576879262924,0.5566602349281311,0.4623887836933136,0.8680523037910461,0.0421434789896011,0.9498251676559448,0.4670528471469879,0.8342509269714355,0.2509434819221496,0.5804921388626099
0.4738571345806122,0.5525059103965759,-0.0784614384174346,0.998306691646576,0.4770867228507995,0.546310544013977,-0.0910681411623954,0.9989126920700072,0.4779394268989563,0.5471398234367371,-0.0910744220018386,0.9988536834716796,0.478674829006195,0.5479827523231506,-0.0911100655794143,0.9992209672927856,0.4764879941940307,0.5449670553207397,-0.0731684267520904,0.9983643889427184,0.4770189523696899,0.5447724461555481,-0.0731547996401786,0.9980584383010864,0.4775056838989258,0.5444729328155518,-0.073169395327568,0.9986422657966614,0.4855265021324157,0.5555516481399536,-0.1218926832079887,0.999198079109192,0.4847957193851471,0.5505491495132446,-0.0424547046422958,0.9984381794929504,0.4775561988353729,0.5654608607292175,-0.0881644040346145,0.9992499947547911,0.4767868220806122,0.5636571645736694,-0.0651041343808174,0.9982681274414062,0.4946558177471161,0.61220383644104,-0.1635772138833999,0.9999746680259703,0.5026665329933167,0.5991774201393127,0.0251869689673185,0.9995524287223816,0.5027286410331726,0.699943482875824,-0.1363534480333328,0.9645527005195618,0.5103546380996704,0.683671236038208,0.0642552450299263,0.049071617424488,0.4797209799289703,0.7185837030410767,-0.0557388626039028,0.9421716332435608,0.4922307133674621,0.7151336073875427,0.046197410672903,0.0968597754836082,0.472785472869873,0.7266795039176941,-0.0648598298430442,0.925430178642273,0.4871489405632019,0.7241644263267517,0.047332976013422,0.1289116889238357,0.4716551601886749,0.7207077741622925,-0.0654793009161949,0.9272214770317078,0.4830886125564575,0.7219548225402832,0.0333238057792186,0.1295008957386016,0.473726749420166,0.7175365686416626,-0.0533936731517314,0.8868780136108398,0.4863692820072174,0.7180426716804504,0.0396353639662265,0.1380485296249389,0.5175113677978516,0.74234938621521,-0.0638871118426323,0.9999630451202391,0.5163281559944153,0.722524881362915,0.0638841465115547,0.9998464584350586,0.4615097939968109,0.7707569003105164,-0.0517026111483573,0.973168671131134,0.4677894413471222,0.7403396964073181,0.1590640693902969,0.4264446794986725,0.4853912591934204,0.8503393530845642,0.0049473359249532,0.9596229195594788,0.4865416884422302,0.8135871291160583,0.2338476330041885,0.4917297065258026,0.4930623769760132,0.8680843114852905,0.0125393634662032,0.9149119853973388,0.495160311460495,0.8234772086143494,0.2418999522924423,0.5619650483131409,0.4623556733131408,0.8660444617271423,0.0208142958581447,0.9517909288406372,0.4668827354907989,0.8335947394371033,0.2631841599941253,0.5815388560295105
0.4692636728286743,0.5444163680076599,-0.0842106193304061,0.9983950257301332,0.4735579192638397,0.5394488573074341,-0.0970712006092071,0.998950719833374,0.474699854850769,0.5401742458343506,-0.0970766469836235,0.9989031553268432,0.4756481945514679,0.5408675074577332,-0.0971132218837738,0.9992499947547911,0.4725100398063659,0.538219690322876,-0.0787510350346565,0.9984506964683532,0.4730401635169983,0.5380628705024719,-0.078743852674961,0.9981751441955566,0.4735146164894104,0.5376706719398499,-0.078761488199234,0.99871563911438,0.4831304848194122,0.5473752021789551,-0.1286954581737518,0.9992195963859558,0.4817603528499603,0.5427960157394409,-0.0476687587797641,0.9984930753707886,0.4734567999839782,0.5561220049858093,-0.0942167267203331,0.9992746710777284,0.4718700051307678,0.5540155172348022,-0.0707175731658935,0.9983421564102172,0.4926691353321075,0.6054562330245972,-0.1678713262081146,0.999972641468048,0.5001763105392456,0.5866894125938416,0.0193989370018243,0.9995487928390504,0.499329537153244,0.6936072707176208,-0.1409176290035247,0.960783839225769,0.5083525776863098,0.6802372336387634,0.0522290915250778,0.0476695373654365,0.4757402539253235,0.7186974883079529,-0.0566519163548946,0.9343824982643129,0.489715039730072,0.7145744562149048,0.035041332244873,0.0926341339945793,0.4698033332824707,0.727630078792572,-0.0652075782418251,0.9159833788871764,0.4859875738620758,0.7267774343490601,0.0351982712745666,0.123207688331604,0.4682746827602386,0.7221822738647461,-0.066215269267559,0.9181460738182068,0.4807768762111664,0.721504807472229,0.0210326556116342,0.123507022857666,0.4700884819030761,0.7185503244400024,-0.0545219220221042,0.8767195343971252,0.4848414063453674,0.7178754806518555,0.0283676665276289,0.1313009709119796,0.5166497826576233,0.7353597283363342,-0.0638433620333671,0.9999592900276184,0.5158493518829346,0.7167271375656128,0.0638403668999672,0.9998252391815186,0.4609996080398559,0.7698649168014526,-0.0544665455818176,0.9731546640396118,0.466374933719635,0.7391989827156067,0.1556105017662048,0.4142183363437652,0.485286682844162,0.8498116135597229,0.0131522538140416,0.9598655700683594,0.4865070879459381,0.8133708834648132,0.2474158704280853,0.4880138039588928,0.4929794073104858,0.8673079609870911,0.022201519459486,0.9169459939002992,0.4951494634151459,0.8232476711273193,0.2570199072360992,0.5610859394073486,0.4623299837112427,0.8638659715652466,0.0291462745517492,0.9521905779838562,0.4668970704078674,0.8335448503494263,0.2765500247478485,0.5763093829154968
0.4666692018508911,0.5369486808776855,-0.0860228165984153,0.998504400253296,0.4716355204582214,0.5302929878234863,-0.0986607372760772,0.9990101456642152,0.4729764759540558,0.5308037400245667,-0.098663605749607,0.9989714026451112,0.4741517603397369,0.5313698649406433,-0.0987002700567245,0.9992937445640564,0.470553457736969,0.5295157432556152,-0.0805902034044265,0.9985555410385132,0.471243679523468,0.5293385982513428,-0.0805847942829132,0.9983087778091432,0.471847802400589,0.5290259718894958,-0.0806039422750473,0.9988053441047668,0.4821809828281402,0.5382944941520691,-0.1286963820457458,0.9992616772651672,0.480301558971405,0.5346727967262268,-0.0492008179426193,0.998591125011444,0.4705328941345215,0.5490046739578247,-0.0955628976225853,0.9993151426315308,0.4691306054592132,0.5472537875175476,-0.0724238455295562,0.9984447956085204,0.490877628326416,0.5975165963172913,-0.1696026623249054,0.9999716281890868,0.4974917471408844,0.5815447568893433,0.0187105312943458,0.999549388885498,0.4985377490520477,0.6877016425132751,-0.1427084356546402,0.9604417085647584,0.5054169297218323,0.6726539731025696,0.0538157410919666,0.0470364093780517,0.4725540280342102,0.7186667323112488,-0.0633314996957779,0.9325180649757384,0.4880343079566955,0.711692750453949,0.0395632497966289,0.0894740447402,0.4671235084533691,0.7283068895339966,-0.07303237169981,0.9125478267669678,0.4821553230285644,0.7256730198860168,0.0396315641701221,0.1184910237789154,0.4650371968746185,0.723915159702301,-0.0737841576337814,0.9148780107498168,0.4795245230197906,0.7209572792053223,0.0251841768622398,0.1185519471764564,0.4668090641498565,0.7196674942970276,-0.0612026900053024,0.8735273480415344,0.4819111824035644,0.7178182005882263,0.0327785164117813,0.1258064210414886,0.5159479379653931,0.7317181825637817,-0.0629111304879188,0.9999531507492064,0.5148457288742065,0.7137007117271423,0.0628897324204444,0.9998040199279784,0.4604165852069855,0.7696003317832947,-0.0422548726201057,0.9720209240913392,0.4641164243221283,0.7464265823364258,0.1497698873281479,0.4025472700595855,0.485311895608902,0.8497952222824097,0.0398677736520767,0.9583276510238647,0.486481100320816,0.8153656125068665,0.2378753572702407,0.4811110496520996,0.4929729700088501,0.8672869801521301,0.0499335527420043,0.9175159335136414,0.4951797127723694,0.8256239891052246,0.2474398016929626,0.5588112473487854,0.4622999131679535,0.8636389970779419,0.0598579794168472,0.9504898190498352,0.4668157994747162,0.8346870541572571,0.26727294921875,0.5690568089485168
0.4659540951251983,0.5323934555053711,-0.0824903696775436,0.9986165761947632,0.4705093801021576,0.5240059494972229,-0.0951308459043502,0.9990773797035216,0.4717233777046203,0.5243088603019714,-0.095143161714077,0.9990431666374208,0.4728578627109527,0.524678647518158,-0.0951791331171989,0.9993425011634828,0.4697710573673248,0.5234322547912598,-0.0760054215788841,0.9986637830734252,0.4705299437046051,0.5232555270195007,-0.0759992524981498,0.9984394311904908,0.4712572991847992,0.5230357646942139,-0.0760155618190765,0.998896062374115,0.4812364280223846,0.5315455794334412,-0.1249414980411529,0.9993102550506592,0.4800627827644348,0.5287511348724365,-0.0402358397841453,0.9986950159072876,0.4698652625083923,0.5440650582313538,-0.0917068794369697,0.9993630051612854,0.4690187573432922,0.5426742434501648,-0.0671638622879982,0.9985619187355042,0.4895566999912262,0.5933565497398376,-0.1694465577602386,0.9999725222587584,0.4981265068054199,0.5777198076248169,0.0322441235184669,0.999565064907074,0.4970745742321014,0.6821712851524353,-0.1453827470541,0.961980164051056,0.5053026080131531,0.6621645092964172,0.0663500353693962,0.0474276132881641,0.4720799326896667,0.7168857455253601,-0.0685371458530426,0.9348055124282836,0.4871288537979126,0.7078078389167786,0.047593992203474,0.0885984450578689,0.466742992401123,0.7284557819366455,-0.0870707482099533,0.914682149887085,0.4799556732177734,0.7252039909362793,0.0480836182832717,0.1165813878178596,0.4645849764347076,0.7249309420585632,-0.0849864110350608,0.9168782830238342,0.4777465760707855,0.7206258773803711,0.0326782502233982,0.1165109202265739,0.466335117816925,0.7203210592269897,-0.0649257972836494,0.8761733174324036,0.480986624956131,0.7168545126914978,0.0404068417847156,0.1234481930732727,0.5139212012290955,0.7286113500595093,-0.0635624676942825,0.9999494552612304,0.5148880481719971,0.7110677361488342,0.0635440722107887,0.9997923374176024,0.4600997567176819,0.7696327567100525,-0.0248520690947771,0.9715065956115724,0.4651007056236267,0.7455154061317444,0.1496229916810989,0.3960086405277252,0.4854751229286194,0.8503026366233826,0.0679690688848495,0.9586260318756104,0.4864693284034729,0.8182308673858643,0.2513293921947479,0.478221446275711,0.493046224117279,0.8674273490905762,0.0787538364529609,0.9200658798217772,0.4951656460762024,0.8324521780014038,0.2621621191501617,0.5627769827842712,0.4622846841812134,0.8636967539787292,0.0852038115262985,0.9506781101226808,0.4667249619960785,0.836625874042511,0.2792223691940307,0.5689204335212708
0.4663608372211456,0.5278899669647217,-0.0791677981615066,0.9987086653709412,0.4698100984096527,0.5192153453826904,-0.0917406976222992,0.9991309642791748,0.470679223537445,0.5195742845535278,-0.0917626470327377,0.9990997314453124,0.4714032113552093,0.5199959874153137,-0.0917995125055313,0.9993821382522584,0.4698324203491211,0.5181599855422974,-0.0722446739673614,0.9987528324127196,0.4707572162151336,0.5177695751190186,-0.0722399875521659,0.9985448718070984,0.4715993106365204,0.5173115730285645,-0.0722526088356971,0.9989702105522156,0.4784653782844543,0.5247077941894531,-0.1219871193170547,0.9993481636047364,0.4795021712779999,0.5211219787597656,-0.0356588326394557,0.9987716674804688,0.4704037606716156,0.538161039352417,-0.0883330032229423,0.999398112297058,0.4705420732498169,0.5367916822433472,-0.0632669925689697,0.9986528158187866,0.4893093109130859,0.5878331065177917,-0.16839100420475,0.9999733567237854,0.4993963241577148,0.569451630115509,0.0375983156263828,0.9995718002319336,0.4940573275089264,0.6770975589752197,-0.1461883187294006,0.9635279178619384,0.5041705965995789,0.6532846093177795,0.0693565160036087,0.0467325784265995,0.4697528183460235,0.7151528000831604,-0.0725350528955459,0.9362456798553468,0.4866184592247009,0.7079878449440002,0.046505931764841,0.0850637406110763,0.465371310710907,0.7284078598022461,-0.0890674218535423,0.9154714345932008,0.480596125125885,0.7248292565345764,0.0460651330649852,0.1116018295288086,0.4631510078907013,0.7253838777542114,-0.0868794396519661,0.917413294315338,0.4782673120498657,0.7203913331031799,0.0302731934934854,0.1114221140742302,0.4648579955101013,0.7204824090003967,-0.0703663080930709,0.8763884902000427,0.4811070263385772,0.7168630957603455,0.0387638136744499,0.11807332187891,0.5119041800498962,0.721491277217865,-0.0638014152646064,0.999947190284729,0.5150572061538696,0.7054768204689026,0.0637787953019142,0.999779224395752,0.4600100815296173,0.7698563933372498,-0.0009292926406487,0.9704661965370178,0.4679537713527679,0.7512242197990417,0.1604456603527069,0.3896294832229614,0.4854717850685119,0.8515725135803223,0.0938400030136108,0.9594405889511108,0.4864525496959686,0.8226132392883301,0.271833598613739,0.4776395559310913,0.4930317997932434,0.8688825964927673,0.1043538674712181,0.9227724671363832,0.4935921430587768,0.8376377820968628,0.2834269404411316,0.5668718218803406,0.4618791043758392,0.8637583255767822,0.1054190769791603,0.9517274498939514,0.4665491282939911,0.8386650085449219,0.2967504858970642,0.5729770660400391
0.4639919102191925,0.5216799378395081,-0.081177644431591,0.998778998851776,0.4677192270755768,0.5124145150184631,-0.0930789336562156,0.9991647601127625,0.4686209261417389,0.5125390291213989,-0.0931471735239029,0.999139964580536,0.4694375693798065,0.5127123594284058,-0.093210257589817,0.999411940574646,0.4679041504859924,0.5115887522697449,-0.0742984861135482,0.9988111853599548,0.4689468443393707,0.5111292600631714,-0.0742988437414169,0.9986186623573304,0.4699316322803497,0.5106468200683594,-0.07431610673666,0.9990217089653016,0.4769359230995178,0.5165015459060669,-0.1234335377812385,0.99937105178833,0.4780045747756958,0.5134668946266174,-0.0401568636298179,0.9988182187080384,0.4682040214538574,0.5317505598068237,-0.0893501341342926,0.999422013759613,0.468549907207489,0.5306305289268494,-0.0660743936896324,0.9987149238586426,0.4888174831867218,0.578284502029419,-0.1721477657556533,0.9999743700027466,0.4968719184398651,0.5622147917747498,0.0321186333894729,0.9995734691619872,0.4929783940315246,0.6659049987792969,-0.1657856553792953,0.9657641053199768,0.5010882616043091,0.6455535888671875,0.0676448568701744,0.0474313981831073,0.4701527059078216,0.7070204019546509,-0.1111374795436859,0.9397993683815002,0.4833745658397674,0.6991211771965027,0.0383937284350395,0.0851114615797996,0.466062068939209,0.7217405438423157,-0.1300909966230392,0.919199287891388,0.478065937757492,0.7149720191955566,0.0368092693388462,0.1103012636303901,0.4640982449054718,0.7201046943664551,-0.1269658505916595,0.920836865901947,0.4771584868431091,0.7142913341522217,0.0195521917194128,0.1100212335586547,0.4655369818210602,0.7152331471443176,-0.1084309741854667,0.8803799152374268,0.4789198637008667,0.7090337872505188,0.0299408733844757,0.1165407076478004,0.50968998670578,0.7131075263023376,-0.0637985244393348,0.9999449849128724,0.5133605599403381,0.6985424757003784,0.063776783645153,0.9997674822807312,0.4599458277225494,0.769683301448822,0.0122051695361733,0.9702131748199464,0.4688850939273834,0.7497266530990601,0.1617713570594787,0.3856756687164306,0.4854714572429657,0.8520718812942505,0.1219222024083137,0.9603471159934998,0.4866381287574768,0.8216332197189331,0.2890607714653015,0.4744266271591186,0.493049681186676,0.8699613213539124,0.1336141377687454,0.9248337149620056,0.4949594438076019,0.8362790942192078,0.3023837506771087,0.5678668022155762,0.4617926776409149,0.8638414144515991,0.1313239634037017,0.9522715210914612,0.4664107859134674,0.8378222584724426,0.3137983679771423,0.5747002363204956
0.4663765728473663,0.5117781758308411,-0.0778247490525245,0.9988438487052916,0.4695149958133697,0.5028075575828552,-0.0903053730726242,0.9991848468780518,0.470185250043869,0.5031002759933472,-0.0903419330716133,0.9991687536239624,0.4706997871398926,0.503464937210083,-0.0903859212994575,0.9994332790374756,0.4699176251888275,0.5018038153648376,-0.070804663002491,0.9988571405410768,0.4709028601646423,0.5014268755912781,-0.0708013847470283,0.9986799359321594,0.4717497825622558,0.5010831952095032,-0.0708232298493385,0.9990636110305786,0.4778433740139007,0.5072746872901917,-0.120478831231594,0.9993847012519836,0.4795560538768768,0.5041521787643433,-0.0342432260513305,0.9988667964935304,0.470687985420227,0.5221235156059265,-0.0865593925118446,0.9994431734085084,0.4711953699588775,0.5207945108413696,-0.0616812109947204,0.998771905899048,0.4884444177150726,0.5688986778259277,-0.1670526415109634,0.9999761581420898,0.4975209236145019,0.5540338754653931,0.0398685075342655,0.9995917677879332,0.4917928278446197,0.6537187695503235,-0.1654708981513977,0.9685162305831908,0.4980630576610565,0.63325035572052,0.0765822902321815,0.0528248846530914,0.4707778990268707,0.6975319385528564,-0.1259303539991378,0.944691002368927,0.4811584651470184,0.6879621148109436,0.0520538501441478,0.0972044169902801,0.4667363464832306,0.7121182084083557,-0.1456090956926345,0.9251578450202942,0.4763664305210113,0.7037444710731506,0.051566120237112,0.1201918125152587,0.464539110660553,0.7106382846832275,-0.1419176161289215,0.926503598690033,0.4755506515502929,0.7034765481948853,0.0312553793191909,0.1199188381433487,0.4658408164978027,0.7058107256889343,-0.1230928972363472,0.8880847096443176,0.4767610132694244,0.6983404755592346,0.0427604168653488,0.1265677362680435,0.5067456364631653,0.7077060341835022,-0.0637651532888412,0.999942183494568,0.5109542012214661,0.693244993686676,0.0637413561344146,0.9997605085372924,0.4599198997020721,0.767955482006073,0.010005640797317,0.9707420468330384,0.4699878990650177,0.7486363649368286,0.1508738845586776,0.3909720182418823,0.4850158989429474,0.8537505269050598,0.1154494062066078,0.961730659008026,0.4866281151771545,0.8236079216003418,0.2686032056808471,0.4766179919242859,0.4923820793628692,0.8735032081604004,0.1265080720186233,0.9275994300842284,0.4964167177677154,0.8410758972167969,0.2810421288013458,0.5736551880836487,0.4610384702682495,0.863888144493103,0.1229920014739036,0.9528657793998718,0.4657734334468841,0.8376990556716919,0.2924501299858093,0.5792492628097534
0.4661647379398346,0.5049520134925842,-0.0802564918994903,0.9988352060317992,0.4691528379917145,0.4959662556648254,-0.0928861647844314,0.9991337656974792,0.4697166681289673,0.4961621761322021,-0.0929106697440147,0.999135434627533,0.4701403379440307,0.4964061677455902,-0.092952013015747,0.9994146823883056,0.469773918390274,0.4951021671295166,-0.0736144408583641,0.9988069534301758,0.4707955420017242,0.4947174191474914,-0.0736095607280731,0.9986356496810912,0.4717188775539398,0.4942907392978668,-0.0736303552985191,0.9990232586860656,0.4771628081798553,0.500207245349884,-0.1232487186789512,0.9993488192558287,0.4791572690010071,0.4976876080036163,-0.0361737869679927,0.9987937211990356,0.470814049243927,0.514687180519104,-0.0893988758325576,0.9994232654571532,0.4716458022594452,0.5135040283203125,-0.0644582137465477,0.9987450242042542,0.4880983531475067,0.5624299049377441,-0.1673482805490493,0.9999775886535645,0.4954019486904144,0.5487631559371948,0.0400321446359157,0.999600350856781,0.4888756573200226,0.6454101800918579,-0.175720676779747,0.9708669781684875,0.4952272772789001,0.6276971697807312,0.0771574825048446,0.0563724189996719,0.4691489934921264,0.693275511264801,-0.1401524394750595,0.948710322380066,0.4789991080760956,0.6810758709907532,0.0509655624628067,0.1070079654455185,0.4664312899112701,0.7072500586509705,-0.1614952534437179,0.9298182129859924,0.4744455516338348,0.6958972811698914,0.0501416102051734,0.1285177767276764,0.4643736779689789,0.7057868838310242,-0.1576629281044006,0.9308599829673768,0.4724186360836029,0.6972470879554749,0.0310357715934515,0.1283043026924133,0.4654215574264526,0.7012059688568115,-0.1374535709619522,0.8936330676078796,0.4751281440258026,0.692119836807251,0.0418089255690574,0.1349157840013504,0.5045888423919678,0.703369140625,-0.0639368966221809,0.9999378323554992,0.507809042930603,0.6878324747085571,0.0639054030179977,0.9997448921203612,0.4604147970676422,0.7672516703605652,0.0203322824090719,0.9712677001953124,0.4724645316600799,0.7481268644332886,0.1551093906164169,0.395745575428009,0.4848023653030395,0.8565250039100647,0.1347856372594833,0.963090181350708,0.4866105318069458,0.8235946297645569,0.2800272107124328,0.4789256453514099,0.4922238290309906,0.8743004202842712,0.1464634388685226,0.9288084506988524,0.4965729415416717,0.841536819934845,0.2929745018482208,0.5775409936904907,0.4606299996376037,0.8649197816848755,0.1394855082035064,0.953525960445404,0.4654700458049774,0.8374684453010559,0.3002504408359527,0.5850954055786133
0.464293897151947,0.4965667128562927,-0.078659251332283,0.9989088773727416,0.4676882326602936,0.4871975481510162,-0.0908919274806976,0.999173939228058,0.4682896435260772,0.4872665405273437,-0.0909189507365226,0.9991785287857056,0.4688040018081665,0.487349271774292,-0.0909535810351371,0.9994447231292723,0.4683846533298492,0.4866091012954712,-0.0712710097432136,0.9988692998886108,0.4694935977458954,0.4862794578075409,-0.071261391043663,0.9987109899520874,0.4705120921134949,0.4858794510364532,-0.0712796375155448,0.9990768432617188,0.4756745398044586,0.4908676147460937,-0.1201219484210014,0.9993760585784912,0.4778873324394226,0.4890245795249939,-0.0327548198401927,0.9988493323326112,0.4684556722640991,0.5062868595123291,-0.0873620808124542,0.9994513988494872,0.4693679809570312,0.5051429271697998,-0.0620452761650085,0.9988178014755248,0.4853100478649139,0.5551881194114685,-0.1649624407291412,0.99997878074646,0.4948009550571441,0.5435061454772949,0.0415458679199218,0.9996160268783568,0.4847526550292969,0.6400485634803772,-0.1691262125968933,0.9727399945259094,0.4937240779399872,0.6225806474685669,0.075003869831562,0.061156790703535,0.4675289988517761,0.6898574233055115,-0.1255829632282257,0.9518874883651732,0.4777157008647918,0.6743168830871582,0.0482378676533699,0.1148623898625373,0.4660671949386596,0.7039791941642761,-0.1451306045055389,0.9334081411361694,0.4732691943645477,0.688991367816925,0.0479919724166393,0.1344292163848877,0.4643220007419586,0.7017459273338318,-0.1413273215293884,0.9341261386871338,0.4725068211555481,0.6900620460510254,0.0294978860765695,0.1341060549020767,0.4651487469673157,0.6969955563545227,-0.1229214519262313,0.8977077603340149,0.4742633700370788,0.6856743693351746,0.0393025651574134,0.140819177031517,0.5016853213310242,0.699673593044281,-0.0633055865764617,0.9999330639839172,0.506003737449646,0.6841690540313721,0.063258945941925,0.9997247457504272,0.4615122377872467,0.7661353945732117,0.0192943625152111,0.9718443751335144,0.4750462174415588,0.7477080225944519,0.1561254560947418,0.4034939110279083,0.4842313826084137,0.8567721843719482,0.127797320485115,0.964497685432434,0.4862068295478821,0.823361873626709,0.2777176201343536,0.483731061220169,0.4918955862522125,0.8741918206214905,0.1384838223457336,0.930303156375885,0.4962949156761169,0.8398930430412292,0.290132075548172,0.5837634801864624,0.4606406986713409,0.8647619485855103,0.1295292973518371,0.9544848203659058,0.465469628572464,0.8357222080230713,0.297031968832016,0.5940513610839844
0.4646040499210357,0.4861341714859009,-0.0920710936188697,0.9989227056503296,0.4678902328014374,0.4777297377586365,-0.1040558144450187,0.9991517066955566,0.4684533178806305,0.4778641164302826,-0.104081705212593,0.9991706609725952,0.4689124524593353,0.4780177474021911,-0.1041136234998703,0.9994389414787292,0.4684866666793823,0.4770878553390503,-0.0844734907150268,0.9988465309143066,0.4695057570934295,0.4768179953098297,-0.0844622477889061,0.9986968636512756,0.4704578220844269,0.4764732718467712,-0.0844846814870834,0.9990586042404176,0.4755648076534271,0.4816980361938476,-0.1310166120529174,0.9993587732315063,0.4776645004749298,0.4797916114330292,-0.0440683402121067,0.9987996816635132,0.4688205420970917,0.4964538514614105,-0.0996257588267326,0.9994472861289978,0.4694739878177643,0.4952193796634674,-0.0743944644927978,0.998828649520874,0.4845050275325775,0.5459895133972168,-0.1731568127870559,0.9999797940254213,0.4938666224479675,0.5315670967102051,0.0345803685486316,0.9996204972267152,0.4826809763908386,0.6302008032798767,-0.1760603785514831,0.974504292011261,0.4908592104911804,0.6138995289802551,0.070110872387886,0.0668116211891174,0.4669356942176819,0.6852739453315735,-0.1402405202388763,0.954744815826416,0.4753834903240204,0.6680822968482971,0.0457907654345035,0.1241346821188926,0.4657570421695709,0.7010115385055542,-0.1607019305229187,0.936507761478424,0.4713505506515503,0.6833769083023071,0.0456982478499412,0.1417185962200164,0.4643256068229675,0.698606014251709,-0.1583886742591858,0.93690425157547,0.4710023999214172,0.6843011975288391,0.0272726491093635,0.1413695812225341,0.4649506211280823,0.6934848427772522,-0.1382653266191482,0.9011388421058656,0.4724644720554352,0.6797057390213013,0.0370400957763195,0.1478935182094574,0.4985435307025909,0.6916685700416565,-0.0624472759664058,0.9999217987060548,0.5028577446937561,0.6774483323097229,0.062379915267229,0.9996650815010072,0.462605744600296,0.7656635642051697,0.0382439717650413,0.9722213745117188,0.4770082831382751,0.7480910420417786,0.1704389154911041,0.4092403054237366,0.4837261140346527,0.8569425940513611,0.154759407043457,0.965670883655548,0.48492231965065,0.8227943778038025,0.3002491891384125,0.4845979809761047,0.4918102324008941,0.8738642930984497,0.165761798620224,0.9310383796691896,0.4945972561836242,0.8399860858917236,0.3132552802562713,0.5825336575508118,0.4603953063488006,0.8650752902030945,0.1482932418584823,0.955307960510254,0.464752197265625,0.8363151550292969,0.3136967718601227,0.6014040112495422
0.4633773267269134,0.4747282266616821,-0.1046588867902755,0.9989256858825684,0.467326283454895,0.4661729037761688,-0.1164125278592109,0.9991306662559508,0.4680200219154358,0.4663650095462799,-0.116435170173645,0.9991627931594848,0.4686088562011719,0.4665844440460205,-0.1164702996611595,0.9994328618049622,0.4677755534648895,0.465594470500946,-0.0970233306288719,0.998814046382904,0.4688248038291931,0.4654437005519867,-0.0970119163393974,0.9986749291419984,0.4697874784469604,0.4652729332447052,-0.0970320701599121,0.9990320205688475,0.4755018055438995,0.4711897075176239,-0.1421616226434707,0.9993425011634828,0.4773161709308624,0.4698731005191803,-0.0564128383994102,0.9987186789512634,0.4673820436000824,0.4852572381496429,-0.1117573827505111,0.9994392395019532,0.4677112698554992,0.4843599200248718,-0.0868391543626785,0.9988237023353576,0.4838171303272247,0.5384893417358398,-0.1810905188322067,0.9999801516532898,0.4935567080974579,0.5248263478279114,0.01995918340981,0.9995973110198976,0.4818120002746582,0.6235789060592651,-0.1778077036142349,0.9758548736572266,0.4899338483810425,0.6060959100723267,0.0568212233483791,0.0677849501371383,0.4665634036064148,0.6799736022949219,-0.1370436251163482,0.956391453742981,0.4759716689586639,0.6591296792030334,0.0379557982087135,0.1213804110884666,0.4648977518081665,0.6966308355331421,-0.1568099856376648,0.9376687407493592,0.4723506271839142,0.6731955409049988,0.037655372172594,0.1376769393682479,0.4635154604911804,0.6940257549285889,-0.1554009616374969,0.9377188682556152,0.4718011617660522,0.6746521592140198,0.0200584772974252,0.1373233199119568,0.4643245041370392,0.6887391805648804,-0.1353630870580673,0.901716947555542,0.4731124341487884,0.6708253026008606,0.0295640844851732,0.1437118053436279,0.4961039423942566,0.6859407424926758,-0.0596280954778194,0.999902069568634,0.5007509589195251,0.6717058420181274,0.0595468990504741,0.9995565414428712,0.4641172289848327,0.764931857585907,0.0544398576021194,0.971504271030426,0.4776634275913238,0.7478627562522888,0.1770521253347396,0.4162780344486236,0.4840888082981109,0.8566721081733704,0.1759136766195297,0.9658955335617064,0.4845395982265472,0.8221593499183655,0.3099577724933624,0.488149881362915,0.4918872416019439,0.873286247253418,0.1869019716978073,0.9291782379150392,0.492369532585144,0.8398081660270691,0.3231890499591827,0.5828846096992493,0.4604032635688782,0.8647681474685669,0.1621783524751663,0.9552764296531676,0.4645787477493286,0.8355503082275391,0.3199309706687927,0.6125883460044861
0.4623494148254394,0.4681045114994049,-0.1127860248088836,0.9989591240882874,0.466863602399826,0.4592249691486358,-0.1247824653983116,0.9991416335105896,0.4676864743232727,0.4595990180969238,-0.1248028129339218,0.9991774559020996,0.4684018194675445,0.4599830210208893,-0.1248353794217109,0.9994417428970336,0.4669848680496216,0.4585430920124054,-0.1057050377130508,0.9988423585891724,0.4679621756076813,0.4584722220897674,-0.1056969240307807,0.9987164735794068,0.4688846468925476,0.4583545923233032,-0.1057250127196312,0.9990604519844056,0.4753676056861877,0.4655665457248688,-0.1496628820896148,0.999341368675232,0.476748377084732,0.4640338122844696,-0.0654519572854042,0.9987266659736632,0.465863972902298,0.4791777431964874,-0.119436077773571,0.9994457364082336,0.4657449126243591,0.4781870543956756,-0.0949464738368988,0.9988650679588318,0.4838263094425201,0.5355691909790039,-0.1847925335168838,0.9999785423278807,0.4943071007728576,0.5209337472915649,0.0093586286529898,0.999592423439026,0.4792064130306244,0.6221725344657898,-0.1773307174444198,0.9753435254096984,0.4890743196010589,0.6032053232192993,0.0392116755247116,0.0694173201918602,0.4648776650428772,0.6805663704872131,-0.1314160674810409,0.953074038028717,0.4752945601940155,0.6584653854370117,0.0146648716181516,0.1191608682274818,0.462600439786911,0.6944593191146851,-0.1500221192836761,0.9318932890892028,0.4718202948570251,0.6745787262916565,0.01283551286906,0.1341707408428192,0.4613060355186462,0.6924245953559875,-0.149233877658844,0.9312734603881836,0.471202552318573,0.6750184297561646,-0.0050334692932665,0.133860632777214,0.4624075293540954,0.6877089142799377,-0.1300179064273834,0.892652153968811,0.4722056984901428,0.6695496439933777,0.0060002375394105,0.1399724930524826,0.4934921264648437,0.6828014850616455,-0.0561135448515415,0.9998763799667358,0.4989081919193268,0.6696714758872986,0.0560123398900032,0.9994571208953856,0.4661864042282104,0.765015721321106,0.0615048073232173,0.97038596868515,0.4778764545917511,0.7483909130096436,0.1782043278217315,0.4312282800674438,0.4841095209121704,0.856547474861145,0.181289717555046,0.9663079380989076,0.483892560005188,0.8212555646896362,0.3095040619373321,0.5019710063934326,0.4913399517536163,0.8730583786964417,0.191446915268898,0.9271541833877563,0.4904631376266479,0.839164137840271,0.3224415779113769,0.591100811958313,0.4604076147079468,0.8647893667221069,0.1618967652320861,0.955669403076172,0.4645798504352569,0.8335081934928894,0.3166868388652801,0.6311911940574646
0.4621572494506836,0.4629053771495819,-0.1093748360872268,0.9990290403366088,0.4667296409606933,0.4538125693798065,-0.1214926391839981,0.9991934299468994,0.4676315486431122,0.4542196989059448,-0.1215113922953605,0.9992273449897766,0.4684199094772339,0.4546636641025543,-0.1215414181351661,0.9994753003120422,0.4666839838027954,0.4530613124370575,-0.1028767898678779,0.9989157915115356,0.4676453471183777,0.45296511054039,-0.1028706952929496,0.9987990856170654,0.468576580286026,0.4528550803661346,-0.1028930023312568,0.9991186261177064,0.4756389558315277,0.4598866403102875,-0.1458933800458908,0.9993801712989808,0.4769867658615112,0.4585170745849609,-0.0636835023760795,0.998796284198761,0.4659636318683624,0.4740580916404724,-0.1156924590468406,0.9994786381721495,0.4657415151596069,0.4730075895786285,-0.0917984023690223,0.9989415407180786,0.4832175970077514,0.5299238562583923,-0.1817155927419662,0.9999785423278807,0.4945457577705383,0.514955997467041,0.0120315086096525,0.9995965361595154,0.4789030849933624,0.6174238920211792,-0.1766159236431121,0.9762107133865356,0.489298552274704,0.5980361104011536,0.0443133004009723,0.0707251504063606,0.4649969935417175,0.6759671568870544,-0.1296196281909942,0.9530059099197388,0.4761030077934265,0.6548462510108948,0.0226085800677537,0.1174486652016639,0.4620460867881775,0.6906439661979675,-0.1454200148582458,0.9305494427680968,0.4725968539714813,0.669130802154541,0.0220694784075021,0.1313316524028778,0.4604547321796417,0.6896102428436279,-0.1486723870038986,0.9296239614486694,0.471768856048584,0.669227659702301,0.0048175547271966,0.1310942322015762,0.4618214964866638,0.6849913001060486,-0.1296303570270538,0.8903913497924805,0.4728311002254486,0.665622353553772,0.0144116785377264,0.1369436383247375,0.4906620383262634,0.6795634627342224,-0.0546043626964092,0.9998535513877868,0.4961998164653778,0.6670810580253601,0.0545135214924812,0.9993661046028136,0.469518095254898,0.7663941979408264,0.0457151606678962,0.9684330224990844,0.4783564805984497,0.7491638660430908,0.1732691973447799,0.4447595775127411,0.484117180109024,0.8566713333129883,0.1501830965280532,0.9657822251319884,0.4832802712917328,0.8211303353309631,0.3037540018558502,0.5134900212287903,0.491189956665039,0.8731740713119507,0.1591497808694839,0.92476624250412,0.489179790019989,0.8409287929534912,0.3116811513900757,0.5976098775863647,0.4604159593582153,0.8663504123687744,0.1521148085594177,0.9553255438804626,0.464333176612854,0.8336238265037537,0.2903580665588379,0.6473919153213501
0.4626835584640503,0.4598867297172546,-0.1047644764184951,0.999101221561432,0.466549664735794,0.4504458308219909,-0.1171068325638771,0.9992476105690002,0.4672852158546448,0.4507829248905182,-0.1171254962682724,0.9992798566818236,0.4679158627986908,0.4511677920818329,-0.1171537488698959,0.9995102882385254,0.4667664766311645,0.4495415389537811,-0.0984164327383041,0.9989922642707824,0.4677484631538391,0.4492554366588592,-0.0984044820070266,0.998883068561554,0.4686773121356964,0.4489436745643616,-0.0984272509813308,0.9991769194602966,0.4750809669494629,0.4553496241569519,-0.1426040977239608,0.999423086643219,0.4771344065666199,0.4532103836536407,-0.0596245490014553,0.9988718032836914,0.4666351675987243,0.4705335199832916,-0.111459270119667,0.999515175819397,0.4666361510753631,0.4693819284439087,-0.0873486697673797,0.9990231990814208,0.4823185801506042,0.5241743326187134,-0.1809424608945846,0.999979555606842,0.4949429333209991,0.5077186822891235,0.0152232116088271,0.9996087551116944,0.4785434305667877,0.6109069585800171,-0.1741992831230163,0.9775760769844056,0.4901264607906341,0.5935522317886353,0.0501647852361202,0.0720239356160163,0.4652882814407348,0.6710876822471619,-0.1256925165653228,0.9549136757850648,0.4768024981021881,0.6511362195014954,0.0289890933781862,0.1167357414960861,0.4620619714260101,0.6862543821334839,-0.1424683779478073,0.9323314428329468,0.4731574356555938,0.664070725440979,0.0289548616856336,0.1294717490673065,0.4601544439792633,0.6855036020278931,-0.1430404335260391,0.9311560988426208,0.4720815122127533,0.6648473739624023,0.0115399565547704,0.129359632730484,0.4617324769496918,0.6806473731994629,-0.1245139315724372,0.8923048973083496,0.473161518573761,0.6609318256378174,0.0207493584603071,0.1348824054002761,0.4870361983776092,0.6764434576034546,-0.0544286295771598,0.999840497970581,0.4962144196033478,0.666979968547821,0.0543402470648288,0.9993054866790771,0.4730080962181091,0.7665785551071167,0.0485343746840953,0.9688842296600342,0.4809269905090332,0.7506994009017944,0.1690358966588974,0.4678837358951568,0.4841116964817047,0.8568156361579895,0.1501742899417877,0.966694176197052,0.483387142419815,0.8239725828170776,0.2937497794628143,0.5355793833732605,0.490851879119873,0.8730847835540771,0.1582773774862289,0.9258539080619812,0.4895473420619964,0.8447569012641907,0.3045298159122467,0.613101065158844,0.460391640663147,0.8666467070579529,0.144190028309822,0.9565537571907043,0.464355319738388,0.8336707949638367,0.2862026989459991,0.6684283018112183
0.4624595940113067,0.4540905356407165,-0.1050101071596145,0.9991726279258728,0.4661975502967834,0.4450023472309112,-0.1175906360149383,0.999303936958313,0.4668929874897003,0.4454277157783508,-0.1176057904958725,0.999333679676056,0.4674972593784332,0.4458740651607513,-0.1176265180110931,0.999546229839325,0.4664695560932159,0.4439696073532104,-0.0991242304444313,0.999070167541504,0.4674442410469055,0.4436786472797394,-0.0991106927394867,0.9989686012268066,0.4683713316917419,0.4433386623859405,-0.0991358682513237,0.9992381930351256,0.4747260212898254,0.4509426355361938,-0.1430758535861969,0.9994659423828124,0.4768206775188446,0.4484545886516571,-0.0618762634694576,0.9989517331123352,0.4662784039974212,0.4650116562843323,-0.1115556582808494,0.9995503425598145,0.4663732647895813,0.4639526903629303,-0.0878766849637031,0.999102771282196,0.4810686111450195,0.5219772458076477,-0.1799346655607223,0.9999803900718688,0.4951671659946441,0.5052108764648438,0.0139583116397261,0.9996217489242554,0.4769830107688904,0.6089444756507874,-0.1726754456758499,0.978732407093048,0.4909838736057281,0.5928196907043457,0.0463584288954734,0.0724936872720718,0.4650435149669647,0.6710330247879028,-0.124966025352478,0.9563365578651428,0.4775783717632293,0.6524375677108765,0.0277157183736562,0.1142376512289047,0.4618345499038696,0.6865989565849304,-0.1421707570552826,0.9333429336547852,0.4750093519687652,0.6655780076980591,0.0292787253856658,0.1258168518543243,0.4598927795886993,0.6862694025039673,-0.1415826976299286,0.9319037795066832,0.4745025336742401,0.6652426719665527,0.0113010024651885,0.1256779730319976,0.461525410413742,0.6814631819725037,-0.1233411282300949,0.8929360508918762,0.474182665348053,0.6622300744056702,0.0195693857967853,0.1308526396751403,0.4846452474594116,0.6725366115570068,-0.0538169257342815,0.999829888343811,0.4953182935714721,0.6652114987373352,0.0537158101797103,0.9992629885673524,0.4740397334098816,0.7660558819770813,0.0484269112348556,0.9688833355903624,0.4817147254943847,0.7505241632461548,0.1677467972040176,0.484520673751831,0.483664870262146,0.8567579984664917,0.1486239284276962,0.9676340818405152,0.4834438860416412,0.8284480571746826,0.2883408367633819,0.5564735531806946,0.4898120462894439,0.8728278875350952,0.15651635825634,0.9283961057662964,0.4894709289073944,0.8482180833816528,0.2980188429355621,0.6291866302490234,0.4600397050380707,0.8666324615478516,0.1427896469831466,0.9579408168792723,0.4643635749816894,0.8367918133735657,0.2808709740638733,0.6882292628288269
0.4621992707252502,0.4513857662677765,-0.1126240417361259,0.9992294311523438,0.4658883810043335,0.4422788321971893,-0.1254089176654815,0.9993453025817872,0.4666231274604797,0.4426845014095306,-0.1254274696111679,0.999373972415924,0.4672867953777313,0.4431097507476806,-0.1254524141550064,0.9995735883712769,0.4660002291202545,0.4412720501422882,-0.1066209226846695,0.9991239309310912,0.4668879806995392,0.4409878849983215,-0.106603518128395,0.999026656150818,0.4677663445472717,0.4406708478927612,-0.1066239029169082,0.9992769956588744,0.4744843244552612,0.44873708486557,-0.1504028886556625,0.9994977712631226,0.4760003387928009,0.4464909732341766,-0.0677974373102188,0.9989895224571228,0.4660563766956329,0.4627499580383301,-0.1188395991921424,0.99957674741745,0.4659021198749542,0.4614249169826507,-0.0948064029216766,0.9991641640663148,0.4805961549282074,0.5194718241691589,-0.1865101456642151,0.9999815225601196,0.4947544038295746,0.5032681226730347,0.0112265534698963,0.9996320009231568,0.4753856062889099,0.6078671216964722,-0.1787919700145721,0.9798054099082948,0.4899027049541473,0.5924250483512878,0.0437594130635261,0.0735772624611854,0.4642993807792663,0.6727885603904724,-0.1318414211273193,0.9578099846839904,0.4773198068141937,0.6517404913902283,0.023284163326025,0.1141460686922073,0.4614476263523102,0.6881198883056641,-0.1496834456920623,0.9345041513442992,0.4740124046802521,0.668613851070404,0.0249683428555727,0.1244411915540695,0.4596046805381775,0.6877108812332153,-0.1491302549839019,0.9329397678375244,0.4742767512798309,0.6683120727539062,0.0063195913098752,0.1244001165032386,0.461038738489151,0.6831534504890442,-0.1302135586738586,0.894153356552124,0.4743786454200744,0.6621401309967041,0.0148042393848299,0.1292602717876434,0.484566181898117,0.669746458530426,-0.0545489639043808,0.9998218417167664,0.4938135147094726,0.6614542007446289,0.054448664188385,0.999230146408081,0.4753331840038299,0.7656106352806091,0.0503425933420658,0.967545747756958,0.4825450479984283,0.7504999041557312,0.1659262776374817,0.4953177273273468,0.4841032028198242,0.8566954731941223,0.1551751643419265,0.9679335951805116,0.4834641814231872,0.8276775479316711,0.282620221376419,0.5720005035400391,0.4898440539836883,0.8728540539741516,0.1633360683917999,0.9284334182739258,0.4893417060375213,0.8476308584213257,0.2925556600093841,0.6401485800743103,0.459422618150711,0.8665579557418823,0.1349344402551651,0.9587433338165284,0.4641068279743194,0.8378825783729553,0.2773813605308532,0.7054747939109802
