x_0,y_0,z_0,visibility_0,x_1,y_1,z_1,visibility_1,x_2,y_2,z_2,visibility_2,x_3,y_3,z_3,visibility_3,x_4,y_4,z_4,visibility_4,x_5,y_5,z_5,visibility_5,x_6,y_6,z_6,visibility_6,x_7,y_7,z_7,visibility_7,x_8,y_8,z_8,visibility_8,x_9,y_9,z_9,visibility_9,x_10,y_10,z_10,visibility_10,x_11,y_11,z_11,visibility_11,x_12,y_12,z_12,visibility_12,x_13,y_13,z_13,visibility_13,x_14,y_14,z_14,visibility_14,x_15,y_15,z_15,visibility_15,x_16,y_16,z_16,visibility_16,x_17,y_17,z_17,visibility_17,x_18,y_18,z_18,visibility_18,x_19,y_19,z_19,visibility_19,x_20,y_20,z_20,visibility_20,x_21,y_21,z_21,visibility_21,x_22,y_22,z_22,visibility_22,x_23,y_23,z_23,visibility_23,x_24,y_24,z_24,visibility_24,x_25,y_25,z_25,visibility_25,x_26,y_26,z_26,visibility_26,x_27,y_27,z_27,visibility_27,x_28,y_28,z_28,visibility_28,x_29,y_29,z_29,visibility_29,x_30,y_30,z_30,visibility_30,x_31,y_31,z_31,visibility_31,x_32,y_32,z_32,visibility_32
0.5795820951461792,0.3798821270465851,-0.2292857617139816,0.9999926686286926,0.5833566188812256,0.3710291683673858,-0.2180120944976806,0.999983251094818,0.5851754546165466,0.3718042075634002,-0.2181934714317321,0.9999790787696838,0.5874099731445312,0.3728776574134826,-0.2181671410799026,0.9999851584434508,0.5769355297088623,0.3704057931900024,-0.2189847826957702,0.99998939037323,0.5750136971473694,0.3705286383628845,-0.2191958874464035,0.9999904036521912,0.5727892518043518,0.3707683384418487,-0.2193065285682678,0.999993085861206,0.5901076197624207,0.3781912624835968,-0.140580341219902,0.9999797940254213,0.5702431797981262,0.3752916157245636,-0.144896849989891,0.9999690651893616,0.5835307240486145,0.3908528387546539,-0.1979137808084488,0.999991774559021,0.5766274333000183,0.3894562721252441,-0.2003739476203918,0.9999927282333374,0.6099154949188232,0.4445380866527557,-0.0725407153367996,0.9999948740005492,0.5515111684799194,0.4439429342746734,-0.0862531438469886,0.9999922513961792,0.6155444979667664,0.5270336270332336,-0.0314554758369922,0.9948219656944276,0.5485401153564453,0.5270858407020569,-0.0622968561947345,0.9920316934585572,0.6242473721504211,0.6012821197509766,-0.0951961576938629,0.99757981300354,0.5429304242134094,0.6032375693321228,-0.1266279369592666,0.9967490434646606,0.6271290183067322,0.6234409213066101,-0.1145230680704116,0.9946743249893188,0.5410372018814087,0.6275956034660339,-0.1507906317710876,0.9927293062210084,0.624186098575592,0.6246732473373413,-0.1404021084308624,0.995592474937439,0.54446941614151,0.6266975402832031,-0.1732837557792663,0.9938223361968994,0.6220731139183044,0.617236852645874,-0.106165125966072,0.9935103058815002,0.5462712645530701,0.6195116639137268,-0.13754902780056,0.9908078908920288,0.6015506386756897,0.5978188514709473,0.0085035078227519,0.999983549118042,0.5673030018806458,0.6009470820426941,-0.0086522372439503,0.999983251094818,0.6041876077651978,0.7278922200202942,0.0133253596723079,0.985014021396637,0.5703989267349243,0.7336010932922363,-0.0216913800686597,0.984291136264801,0.6085229516029358,0.8494834899902344,0.1098006591200828,0.9857535362243652,0.5729964375495911,0.8496655225753784,0.0694531723856926,0.9865806698799132,0.6058470606803894,0.8644906282424927,0.1135612875223159,0.8238746523857117,0.5766279101371765,0.8621916770935059,0.0743733122944831,0.7938457131385803,0.6148866415023804,0.8824012875556946,0.017208894714713,0.9866307973861694,0.5729056000709534,0.8836748003959656,-0.0201662015169858,0.9834163784980774
0.579580545425415,0.3798684775829315,-0.2285309582948684,0.9999919533729552,0.5833595991134644,0.3710285127162933,-0.2172733843326568,0.9999815821647644,0.5851705074310303,0.3718054592609405,-0.21745465695858,0.9999769926071168,0.5874120593070984,0.3728865385055542,-0.2174284756183624,0.9999837279319764,0.5769624710083008,0.3703855872154236,-0.2182789742946624,0.9999883770942688,0.5750250220298767,0.3705056309700012,-0.2184908390045166,0.9999894499778748,0.5728065967559814,0.3707383871078491,-0.2186025232076645,0.9999924302101136,0.5901384353637695,0.3781937062740326,-0.1399868577718734,0.9999778270721436,0.5702618360519409,0.3752420842647552,-0.1444627195596695,0.999966323375702,0.5835427045822144,0.3908058106899261,-0.1972118020057678,0.9999909996986388,0.5766379833221436,0.3894191682338714,-0.1997185349464416,0.9999921321868896,0.6099556088447571,0.4445432126522064,-0.0719724521040916,0.9999945759773254,0.5515327453613281,0.4438529312610626,-0.0862190201878547,0.9999919533729552,0.6155441403388977,0.5270674824714661,-0.0310381520539522,0.994552493095398,0.5485990047454834,0.526999831199646,-0.0625236183404922,0.9918044805526732,0.6242443323135376,0.6013104319572449,-0.0952272787690162,0.997443914413452,0.5430895686149597,0.6032314896583557,-0.1267345696687698,0.9966468811035156,0.6270778179168701,0.6234433650970459,-0.1145450323820114,0.9944154620170592,0.5411379933357239,0.6275882720947266,-0.150859460234642,0.9924980401992798,0.6241830587387085,0.6246748566627502,-0.1404068768024444,0.9953757524490356,0.5445067882537842,0.6267127394676208,-0.173343151807785,0.9936271905899048,0.6220740079879761,0.6172454953193665,-0.1061895117163658,0.993192970752716,0.546319305896759,0.6195397973060608,-0.1376437693834304,0.9905137419700624,0.6015518307685852,0.5978126525878906,0.0086178071796894,0.9999828338623048,0.56728595495224,0.6009551882743835,-0.0087671540677547,0.9999825954437256,0.6041836142539978,0.7278573513031006,0.0128041030839085,0.984136164188385,0.5703913569450378,0.7336196303367615,-0.022315239533782,0.9837095141410828,0.6085110902786255,0.8494765162467957,0.1079895049333572,0.984937310218811,0.573004961013794,0.8497419357299805,0.0692033842206001,0.9859179854393004,0.6058378219604492,0.8644141554832458,0.1116538420319557,0.8158122301101685,0.5766226053237915,0.8621920347213745,0.0741290599107742,0.7854099869728088,0.6148366928100586,0.8823933005332947,0.0155699299648404,0.9858594536781312,0.5729531049728394,0.8837198615074158,-0.0201502032577991,0.982551097869873
0.5795795917510986,0.3798293173313141,-0.2279326170682907,0.9999915957450868,0.5833644270896912,0.3710174262523651,-0.2165926247835159,0.9999808073043824,0.5851686596870422,0.3717992305755615,-0.2167734503746032,0.9999759197235109,0.5874191522598267,0.3728891015052795,-0.216746911406517,0.999983012676239,0.5769890546798706,0.370353639125824,-0.2176371663808822,0.9999879002571106,0.5750404000282288,0.3704685866832733,-0.2178490757942199,0.9999890327453612,0.5728275775909424,0.3706929385662079,-0.2179600447416305,0.9999921321868896,0.5901757478713989,0.3781932592391968,-0.1390853822231292,0.9999768137931824,0.5702851414680481,0.3751611411571502,-0.1437720507383346,0.9999650120735168,0.5835616588592529,0.3907230794429779,-0.1965556144714355,0.9999906420707704,0.576663076877594,0.3893448412418365,-0.1991219967603683,0.9999918341636658,0.6100252270698547,0.4445481896400451,-0.0710374042391777,0.9999943971633912,0.5515535473823547,0.4437810182571411,-0.0859659984707832,0.9999918341636658,0.6155383586883545,0.5270699262619019,-0.0303851142525672,0.9943747520446776,0.5486486554145813,0.5269607305526733,-0.0626796782016754,0.991687536239624,0.624241828918457,0.6012863516807556,-0.0952628031373024,0.9973479509353638,0.5431469678878784,0.603229284286499,-0.1269720941781997,0.9965911507606506,0.627022385597229,0.6234101057052612,-0.114599123597145,0.9942308068275452,0.541163980960846,0.6275891661643982,-0.1513261198997497,0.9923651814460754,0.6241711378097534,0.6246294975280762,-0.1404705345630645,0.9952216148376464,0.5445125102996826,0.6267297863960266,-0.173634722828865,0.9935156106948853,0.6220721006393433,0.617211639881134,-0.1062343940138816,0.9929673075675964,0.5463284850120544,0.619560182094574,-0.137822613120079,0.9903393387794496,0.6015537977218628,0.5978015661239624,0.008790623396635,0.9999823570251464,0.5672791004180908,0.600963294506073,-0.0089408122003078,0.9999822378158568,0.6041818857192993,0.727830708026886,0.0127335581928491,0.983526647090912,0.5703847408294678,0.7336474657058716,-0.0222927816212177,0.983380913734436,0.6084732413291931,0.8494639992713928,0.1087344586849212,0.9842966198921204,0.5730196237564087,0.8498952388763428,0.0688963681459426,0.9855279922485352,0.605758011341095,0.8643425107002258,0.112495370209217,0.8094779253005981,0.5766206383705139,0.8622797131538391,0.0737185329198837,0.779394268989563,0.6147975325584412,0.882381796836853,0.0163800325244665,0.9852951169013976,0.5730203986167908,0.8837463855743408,-0.0203506294637918,0.9820374250411988
0.5795785188674927,0.3798266947269439,-0.2296001762151718,0.9999913573265076,0.5833698511123657,0.371017575263977,-0.2182167321443557,0.9999802708625792,0.5851684212684631,0.3718011975288391,-0.2183981388807296,0.9999752044677734,0.587432324886322,0.3728969991207123,-0.2183721512556076,0.9999825358390808,0.5770152807235718,0.3703502118587494,-0.2194228619337082,0.999987542629242,0.5750582814216614,0.3704652786254883,-0.2196341454982757,0.9999887347221376,0.5728528499603271,0.3706871271133423,-0.21974678337574,0.9999918937683104,0.5902233719825745,0.3781951069831848,-0.140171617269516,0.9999761581420898,0.5703254342079163,0.3751157820224762,-0.1455893069505691,0.9999639987945556,0.5835762023925781,0.3907005488872528,-0.1979691833257675,0.9999903440475464,0.5766912698745728,0.3893198370933532,-0.200747862458229,0.9999915957450868,0.6100891828536987,0.4445503652095794,-0.0713586285710334,0.9999942779541016,0.5515667796134949,0.4437345862388611,-0.0878318101167678,0.9999916553497314,0.6155391335487366,0.5270757079124451,-0.0304360743612051,0.994242787361145,0.5486657619476318,0.5269587635993958,-0.0650169998407363,0.9915873408317566,0.6242422461509705,0.6012634038925171,-0.0964537933468818,0.997276484966278,0.5431627631187439,0.6032329201698303,-0.1291244179010391,0.9965285062789916,0.6270043849945068,0.6233855485916138,-0.1159590408205986,0.9940921068191528,0.541168212890625,0.6275964975357056,-0.1535893231630325,0.9922183752059937,0.6241673827171326,0.6245647668838501,-0.141953244805336,0.99510657787323,0.5445181131362915,0.6267403960227966,-0.1758408844470977,0.9933927655220032,0.622071385383606,0.6171547770500183,-0.107513703405857,0.9927988648414612,0.5463334321975708,0.6195735931396484,-0.139923095703125,0.9901497960090636,0.601556658744812,0.5977448225021362,0.0089792609214782,0.9999819397926332,0.5672777891159058,0.6009635329246521,-0.0091296471655368,0.9999818205833436,0.6041795015335083,0.7278152108192444,0.0128409285098314,0.9831775426864624,0.5703842043876648,0.7336610555648804,-0.0222349595278501,0.983184814453125,0.6084583401679993,0.8495007753372192,0.1082680225372314,0.9839488863945008,0.5730270743370056,0.8500698208808899,0.068813718855381,0.9852946400642396,0.6057403087615967,0.8643516898155212,0.1118978336453437,0.805786669254303,0.5766229033470154,0.8623737692832947,0.0735871791839599,0.7755138278007507,0.6147987842559814,0.8823742866516113,0.0155876260250806,0.9849841594696044,0.5730196237564087,0.8837984204292297,-0.0209422297775745,0.9817084670066832
0.5796219110488892,0.3798257410526275,-0.2301805466413498,0.9999909996986388,0.583427369594574,0.3710555732250213,-0.2189926654100418,0.9999794960021972,0.5851989388465881,0.3718611896038055,-0.2191742807626724,0.999974250793457,0.5875607132911682,0.3729825615882873,-0.2191474139690399,0.9999818205833436,0.5770995616912842,0.3703595399856567,-0.2201457768678665,0.9999870657920836,0.575152575969696,0.3704828917980194,-0.2203576862812042,0.999988317489624,0.5729387402534485,0.3707060515880584,-0.2204708009958267,0.9999915957450868,0.5903318524360657,0.3782316744327545,-0.1416466683149337,0.9999752044677734,0.5704020857810974,0.3751121163368225,-0.1467977464199066,0.9999626874923706,0.5836738348007202,0.3906902074813843,-0.198739543557167,0.999989926815033,0.5767832398414612,0.3893171548843384,-0.2014579474925995,0.9999912977218628,0.610177755355835,0.4445613920688629,-0.0727112963795661,0.9999940991401672,0.5516015291213989,0.4437150061130523,-0.0892796143889427,0.999991536140442,0.615543007850647,0.5271129608154297,-0.0329664424061775,0.9941874742507936,0.548677384853363,0.5269599556922913,-0.0671686008572578,0.9915915727615356,0.6242300868034363,0.6012099385261536,-0.0993118658661842,0.9972473382949828,0.5432136058807373,0.6033227443695068,-0.1315527558326721,0.9965092539787292,0.6269353628158569,0.6233106255531311,-0.1188946738839149,0.9940423965454102,0.5411760807037354,0.6276643872261047,-0.1560363471508026,0.992162585258484,0.6241661906242371,0.6244302988052368,-0.1448412090539932,0.9950665235519408,0.5445219874382019,0.6268680691719055,-0.1781230121850967,0.9933492541313172,0.6220784783363342,0.6170589327812195,-0.110360063612461,0.9927377104759216,0.5463377237319946,0.6196804642677307,-0.1422870904207229,0.9900797605514526,0.6015581488609314,0.5976666212081909,0.009036187082529,0.9999815225601196,0.5672754049301147,0.6009562611579895,-0.0091867409646511,0.9999814629554749,0.6042558550834656,0.7277721166610718,0.0128791918978095,0.9829155206680298,0.5703664422035217,0.7335556745529175,-0.0222148075699806,0.9831290245056152,0.6084607243537903,0.8492748141288757,0.1079673841595649,0.9836682081222534,0.5730283260345459,0.8500546216964722,0.0681785717606544,0.9851760864257812,0.6057256460189819,0.8641113042831421,0.1115581095218658,0.8022906184196472,0.5766259431838989,0.862345278263092,0.0728922933340072,0.7725741267204285,0.6147975921630859,0.8822462558746338,0.0153914196416735,0.9847422242164612,0.5730317831039429,0.8837689161300659,-0.0220235623419284,0.9815410375595092
0.5796506404876709,0.3798356354236603,-0.2303167879581451,0.9999906420707704,0.5834723711013794,0.3710913360118866,-0.219265878200531,0.9999787211418152,0.5852301716804504,0.3719087839126587,-0.2194480895996093,0.9999733567237854,0.5876755118370056,0.3730444312095642,-0.2194211035966873,0.999981164932251,0.5771617293357849,0.3703734576702118,-0.2202962785959243,0.9999865889549256,0.5752236843109131,0.3705064058303833,-0.2205092459917068,0.9999879002571106,0.5730112791061401,0.3707320690155029,-0.2206229269504547,0.9999912977218628,0.5904510021209717,0.378249317407608,-0.1424832493066787,0.9999743103981018,0.5704860091209412,0.375109314918518,-0.1470010578632354,0.9999614357948304,0.5837420225143433,0.3906849324703216,-0.19905486702919,0.9999895691871644,0.5768421292304993,0.389323890209198,-0.2016139477491378,0.9999909996986388,0.6102826595306396,0.4445953965187073,-0.0740974619984626,0.9999939799308776,0.5516387820243835,0.4436940252780914,-0.0894127786159515,0.9999914169311525,0.6155560612678528,0.5271772742271423,-0.0348655357956886,0.9941605925559998,0.5486947298049927,0.5269589424133301,-0.0672195628285408,0.9915911555290222,0.624226450920105,0.6011807918548584,-0.1009275466203689,0.9972301721572876,0.5432560443878174,0.603359580039978,-0.1316780298948288,0.9964977502822876,0.626889169216156,0.6232935190200806,-0.1205241158604621,0.9940165281295776,0.5412027835845947,0.6276828050613403,-0.1560746878385543,0.9921282529830932,0.6241653561592102,0.6243569850921631,-0.1464333087205886,0.9950457811355592,0.5445267558097839,0.6269137859344482,-0.1782689392566681,0.9933236837387084,0.6220827698707581,0.6169679760932922,-0.1119433417916297,0.99270498752594,0.5463432669639587,0.619705080986023,-0.1424620896577835,0.9900422692298888,0.6015609502792358,0.5976649522781372,0.0090169943869113,0.999981164932251,0.5672723650932312,0.6009910702705383,-0.0091675231233239,0.999981164932251,0.6042993664741516,0.7279003262519836,0.0128139154985547,0.9826870560646056,0.5703631043434143,0.7335567474365234,-0.022184370085597,0.9830639958381652,0.60846346616745,0.8492740392684937,0.107434794306755,0.98335862159729,0.5730319619178772,0.8500646948814392,0.0678829923272132,0.9850157499313354,0.6057155728340149,0.8640806078910828,0.1109739616513252,0.7984790802001953,0.5766379833221436,0.8623438477516174,0.0725811421871185,0.7695243954658508,0.6147997379302979,0.8822296261787415,0.0148590970784425,0.9844620823860168,0.5730326771736145,0.8837709426879883,-0.0222892817109823,0.9813313484191896
0.5796714425086975,0.3798722922801971,-0.2305778115987777,0.9999905824661256,0.5835033655166626,0.3711349666118622,-0.2195641249418258,0.9999786019325256,0.5852563381195068,0.3719611465930938,-0.2197463512420654,0.9999732375144958,0.5877729058265686,0.3731154501438141,-0.219718649983406,0.9999811053276062,0.5772148966789246,0.3703985810279846,-0.2206273227930069,0.9999865293502808,0.5752941370010376,0.3705408871173858,-0.2208402454853058,0.9999878406524658,0.5730946063995361,0.3707706332206726,-0.2209529876708984,0.9999912977218628,0.5906105041503906,0.3783033788204193,-0.1428648829460144,0.9999741315841676,0.570611298084259,0.3751149475574493,-0.1475935876369476,0.999961256980896,0.5838018655776978,0.3906914293766022,-0.1993606090545654,0.9999895095825196,0.576894223690033,0.389370858669281,-0.2019678205251693,0.9999909996986388,0.6103625893592834,0.4446139633655548,-0.0743127837777137,0.9999939203262328,0.5517100095748901,0.4436517059803009,-0.0900228098034858,0.9999914169311525,0.6156171560287476,0.52718186378479,-0.0350363478064537,0.994152843952179,0.548706591129303,0.5269467234611511,-0.0679086372256279,0.9916148781776428,0.6242217421531677,0.6011388301849365,-0.1014202535152435,0.9972307682037354,0.5432869791984558,0.603357195854187,-0.1325259953737259,0.9964951276779176,0.6268482208251953,0.6232852339744568,-0.1211399286985397,0.9940230846405028,0.5412425994873047,0.6276841759681702,-0.1570340692996978,0.9921115636825562,0.6241644024848938,0.6242797374725342,-0.147074282169342,0.9950522184371948,0.5445367693901062,0.6269147396087646,-0.1792189925909042,0.993311882019043,0.6220855116844177,0.6168649196624756,-0.1124647557735443,0.9927088618278505,0.5463489890098572,0.619698166847229,-0.1433091312646865,0.9900156855583192,0.6015652418136597,0.5976579785346985,0.009103799238801,0.9999809861183168,0.5672701597213745,0.6010010838508606,-0.0092543698847293,0.9999810457229614,0.6043067574501038,0.7279185056686401,0.0133252050727605,0.9823779463768004,0.5703571438789368,0.7336083054542542,-0.0223545767366886,0.9829906225204468,0.6084607839584351,0.84927898645401,0.1081462725996971,0.9829989075660706,0.5730405449867249,0.8503373861312866,0.0664183646440506,0.9848601818084716,0.6056607365608215,0.8640846610069275,0.1117083132266998,0.7949701547622681,0.5766633749008179,0.8625590205192566,0.0709391832351684,0.7665191888809204,0.6148017644882202,0.882192850112915,0.015718238428235,0.9841756820678712,0.5730606317520142,0.8837881088256836,-0.0243471376597881,0.9811424612998962
0.5797039270401001,0.3798798620700836,-0.2340660393238067,0.9999906420707704,0.5835445523262024,0.3711357712745666,-0.2231275737285614,0.9999788403511048,0.5853000283241272,0.3719631731510162,-0.2233095467090606,0.9999735355377196,0.5879163146018982,0.3731188774108886,-0.2232823222875595,0.9999812841415404,0.5772737264633179,0.3703977167606354,-0.2241374105215072,0.9999867081642152,0.5753735899925232,0.3705402910709381,-0.22435162961483,0.9999879598617554,0.573174238204956,0.3707699477672577,-0.2244620025157928,0.9999914169311525,0.590824544429779,0.378322422504425,-0.1461342126131057,0.9999743700027466,0.5707186460494995,0.3751013875007629,-0.150655135512352,0.9999616742134094,0.5838645696640015,0.3906964063644409,-0.2027164846658706,0.9999896287918092,0.576954185962677,0.3893913328647613,-0.2052468508481979,0.9999910593032836,0.610448956489563,0.4446172416210174,-0.0765468180179596,0.999993860721588,0.551828145980835,0.443566083908081,-0.0919529348611831,0.9999914765357972,0.6156796216964722,0.5272407531738281,-0.0363933034241199,0.994181990623474,0.5487247705459595,0.5269448757171631,-0.0693097189068794,0.9917504787445068,0.6242261528968811,0.6010905504226685,-0.1023572012782096,0.9972379803657532,0.5433200597763062,0.6033567190170288,-0.1341055929660797,0.996544063091278,0.6268398761749268,0.6232695579528809,-0.122108981013298,0.9940377473831176,0.5413013100624084,0.627685010433197,-0.1587005108594894,0.9921995401382446,0.6241708993911743,0.6241965293884277,-0.1481465250253677,0.9950646758079528,0.5445671677589417,0.6269155144691467,-0.18101567029953,0.9933881759643556,0.6220983266830444,0.6167712807655334,-0.1134333461523056,0.9927258491516112,0.5463722348213196,0.6196924448013306,-0.1449345797300338,0.9901187419891356,0.6015692949295044,0.5976372361183167,0.0090922694653272,0.9999807476997375,0.5672683715820312,0.600993812084198,-0.0092429751530289,0.9999808669090272,0.604324221611023,0.7279500365257263,0.013273786753416,0.9822986721992492,0.5703561305999756,0.733612596988678,-0.0225567333400249,0.982994794845581,0.6084384322166443,0.8495491743087769,0.1072137728333473,0.9828763604164124,0.57304447889328,0.8504377603530884,0.0650475099682807,0.984766960144043,0.6056141257286072,0.8644787669181824,0.1106078624725341,0.793664813041687,0.5766775012016296,0.8626450896263123,0.0693978741765022,0.7647716999053955,0.614841878414154,0.8821635246276855,0.0143154831603169,0.9840775728225708,0.5730647444725037,0.8838055729866028,-0.0259841047227382,0.9810359477996826
0.5798120498657227,0.3798813819885254,-0.2363439202308654,0.9999908804893494,0.5836442112922668,0.3711210489273071,-0.2253383696079254,0.9999793767929076,0.5854737758636475,0.3719485998153686,-0.2255197018384933,0.9999741911888124,0.5883029699325562,0.3731222748756408,-0.2254934310913086,0.9999817609786988,0.5774011015892029,0.3703921437263489,-0.2264394611120224,0.9999870657920836,0.5755809545516968,0.3705351054668426,-0.2266530990600586,0.9999882578849792,0.5733693242073059,0.3707664310932159,-0.2267611920833587,0.9999916553497314,0.5912652611732483,0.3783469200134277,-0.1477491706609726,0.9999750256538392,0.5709367394447327,0.3750606179237366,-0.1526509970426559,0.9999626278877258,0.5840086340904236,0.3907155096530914,-0.2047459632158279,0.9999898672103882,0.5770711898803711,0.3894188702106476,-0.2073857337236404,0.9999912977218628,0.6104971170425415,0.4446131885051727,-0.0775657594203949,0.9999939203262328,0.5518959164619446,0.4434897303581238,-0.0930031538009643,0.999991536140442,0.6157506704330444,0.5272374153137207,-0.0367068760097026,0.9942194819450378,0.5487446188926697,0.5269275307655334,-0.0693977922201156,0.9918990135192872,0.6242354512214661,0.6009714603424072,-0.1025445610284805,0.9972565174102784,0.5433675646781921,0.603356122970581,-0.1337135136127472,0.9965905547142028,0.6268246173858643,0.623214602470398,-0.1222998946905136,0.9940723180770874,0.541424036026001,0.6276859641075134,-0.158221811056137,0.9922785758972168,0.6241979598999023,0.6240274906158447,-0.1483645439147949,0.9950929880142212,0.5446545481681824,0.626916229724884,-0.180577203631401,0.9934563636779784,0.6221296787261963,0.616605281829834,-0.1136284843087196,0.9927671551704408,0.5464362502098083,0.6196907758712769,-0.1445572823286056,0.9902133345603944,0.6015864610671997,0.5975455045700073,0.0090819168835878,0.9999804496765136,0.5672813653945923,0.600926399230957,-0.0092327715829014,0.999980628490448,0.6043469905853271,0.728101372718811,0.0123457331210374,0.9822365045547484,0.5703551769256592,0.7336050868034363,-0.0227027162909507,0.982965886592865,0.6084349751472473,0.8499339818954468,0.1044541522860527,0.9827329516410828,0.5730430483818054,0.8506391048431396,0.0638622194528579,0.9846457839012146,0.6056042909622192,0.8649871945381165,0.1076510772109031,0.7922514081001282,0.5766675472259521,0.8627960085868835,0.0680934935808181,0.7629434466362,0.6148638129234314,0.8821529150009155,0.0112018901854753,0.9839548468589784,0.5730515718460083,0.8838593363761902,-0.0271780584007501,0.98088800907135
0.5800893306732178,0.3799063861370086,-0.2364221066236496,0.999990940093994,0.5838318467140198,0.371128112077713,-0.2253863364458084,0.9999794960021972,0.5859206914901733,0.371962696313858,-0.2255675494670868,0.9999743103981018,0.5889114141464233,0.3731594085693359,-0.2255423218011856,0.9999818205833436,0.5776182413101196,0.3703994452953338,-0.2264681458473205,0.9999871253967284,0.5759612321853638,0.3705384433269501,-0.2266814112663269,0.9999882578849792,0.573788583278656,0.3707672357559204,-0.226789578795433,0.9999916553497314,0.5918519496917725,0.3784026205539703,-0.1475532799959182,0.9999752044677734,0.5713235139846802,0.3749907314777374,-0.1523779481649398,0.9999627470970154,0.5843245387077332,0.3908378779888153,-0.2046998441219329,0.9999898672103882,0.5772851705551147,0.3894591927528381,-0.2073134630918502,0.9999912977218628,0.6105897426605225,0.4445629119873047,-0.0776598453521728,0.999993860721588,0.551977276802063,0.4433865845203399,-0.0928929895162582,0.9999914765357972,0.6158093810081482,0.5270615220069885,-0.0366304032504558,0.9942577481269836,0.5487488508224487,0.5268930792808533,-0.0674671158194542,0.9919822216033936,0.6242960095405579,0.6008175611495972,-0.1023198366165161,0.9972782135009766,0.5434210896492004,0.603392481803894,-0.1291871964931488,0.996597409248352,0.6268243193626404,0.6231319904327393,-0.1220479011535644,0.994107723236084,0.5414866805076599,0.6276915669441223,-0.1530257314443588,0.9922665357589722,0.6242842078208923,0.6239395141601562,-0.1480640023946762,0.9951209425926208,0.5446868538856506,0.626949667930603,-0.175478458404541,0.9934468269348145,0.6222193837165833,0.6165292263031006,-0.1133766025304794,0.992804765701294,0.5464595556259155,0.6197343468666077,-0.1399590373039245,0.9902037978172302,0.6016281843185425,0.5975087881088257,0.0088695418089628,0.9999800324440002,0.5673072338104248,0.6009182929992676,-0.0090221669524908,0.9999802112579346,0.6043903827667236,0.7285594940185547,0.0096230041235685,0.9822208285331726,0.570383608341217,0.7337488532066345,-0.0226886197924613,0.98296457529068,0.6084763407707214,0.8500751852989197,0.1039867177605629,0.98244971036911,0.5730927586555481,0.8508116602897644,0.0646873787045478,0.9844970107078552,0.6056974530220032,0.865031898021698,0.107399545609951,0.7887004017829895,0.5767977237701416,0.8630019426345825,0.0691406726837158,0.761012613773346,0.6148277521133423,0.882148265838623,0.0112285139039158,0.9836497902870178,0.5730499625205994,0.8839903473854065,-0.0251356437802314,0.980660080909729
0.5802568793296814,0.3800012171268463,-0.2365616112947464,0.9999908804893494,0.5839301347732544,0.3711438477039337,-0.2255318164825439,0.9999794363975524,0.5861074924468994,0.3719724714756012,-0.2257131487131118,0.999974250793457,0.5891929268836975,0.3731750845909118,-0.2256886959075927,0.9999817609786988,0.5777733325958252,0.3704357147216797,-0.2265302538871765,0.9999870657920836,0.5762156844139099,0.3705682456493377,-0.2267429381608963,0.9999881982803344,0.5740553140640259,0.3707976043224334,-0.2268517464399337,0.9999915957450868,0.5921993851661682,0.3784169256687164,-0.1475976556539535,0.9999752044677734,0.5715835690498352,0.3749832510948181,-0.1521523743867874,0.9999626278877258,0.5845451354980469,0.3909536004066467,-0.2047915458679199,0.9999898076057434,0.5774604082107544,0.3895427286624908,-0.2073008865118026,0.999991238117218,0.6107965111732483,0.4445032775402069,-0.0780966952443122,0.9999938011169434,0.5520868301391602,0.4433103501796722,-0.0923545211553573,0.9999913573265076,0.615861713886261,0.5268110632896423,-0.03693538159132,0.9943056702613832,0.5487766861915588,0.5268498659133911,-0.0661316290497779,0.9920372366905212,0.6243890523910522,0.6007279753684998,-0.1022645309567451,0.9973095059394836,0.5434234738349915,0.6034991145133972,-0.1275003552436828,0.9966088533401488,0.6269100308418274,0.6231017112731934,-0.1219507902860641,0.9941633343696594,0.541492223739624,0.627738356590271,-0.1511875838041305,0.9922698736190796,0.6244043707847595,0.6239309906959534,-0.1479381918907165,0.9951665997505188,0.5446894764900208,0.6270474791526794,-0.1737892925739288,0.9934514760971068,0.6222912073135376,0.61652672290802,-0.1132939532399177,0.9928677082061768,0.5464597344398499,0.6198440194129944,-0.1383420079946518,0.9902198910713196,0.6016953587532043,0.5974892377853394,0.0084958719089627,0.9999794960021972,0.5673427581787109,0.6008795499801636,-0.0086492402479052,0.9999797344207764,0.604453444480896,0.7290763854980469,0.0081587815657258,0.982142686843872,0.5703884959220886,0.7337844371795654,-0.0226489510387182,0.9829363226890564,0.6086328029632568,0.850154459476471,0.1038513928651809,0.9820847511291504,0.5731257796287537,0.8509891629219055,0.0658584013581276,0.9843005537986756,0.6060600876808167,0.8650324940681458,0.107372909784317,0.784339427947998,0.5769383907318115,0.8632403612136841,0.0705385580658912,0.7590240836143494,0.6147269010543823,0.8821757435798645,0.0112724639475345,0.9832650423049928,0.5730265974998474,0.8840054869651794,-0.0229002553969621,0.9803802371025084
0.5804069638252258,0.3800840377807617,-0.2359383851289749,0.9999905228614808,0.584010899066925,0.3711686432361603,-0.2250099331140518,0.9999786019325256,0.5862259268760681,0.3719922602176666,-0.2251914292573928,0.9999732375144958,0.589356541633606,0.3731971383094787,-0.225168228149414,0.9999810457229614,0.5779178738594055,0.3704977929592132,-0.22588711977005,0.9999865293502808,0.5764383673667908,0.3706265389919281,-0.2261006385087967,0.9999876618385316,0.5742985010147095,0.3708694279193878,-0.226212128996849,0.999991238117218,0.5924050211906433,0.3784225881099701,-0.1473358422517776,0.9999743700027466,0.5717839002609253,0.3749861121177673,-0.1513333022594452,0.999961256980896,0.5847674608230591,0.3910225927829742,-0.2042517513036728,0.9999894499778748,0.5776567459106445,0.389593631029129,-0.2065995782613754,0.999990940093994,0.6110522150993347,0.4444834887981415,-0.0780149474740028,0.9999936819076538,0.5521605610847473,0.4432125091552734,-0.0910899639129638,0.9999911785125732,0.6159135103225708,0.5268117785453796,-0.0368579812347888,0.9942873120307922,0.5488138198852539,0.5267985463142395,-0.065121904015541,0.9920381307601928,0.6244684457778931,0.6007218956947327,-0.1021946966648101,0.9973050355911256,0.5434304475784302,0.6035641431808472,-0.1264173090457916,0.9965948462486268,0.6270042657852173,0.6231005787849426,-0.121930107474327,0.9941536784172058,0.5415098667144775,0.6277719736099243,-0.1500224769115448,0.992221474647522,0.6245520114898682,0.623993992805481,-0.1478308290243148,0.9951581954956056,0.5446987748146057,0.6270862817764282,-0.1725426018238067,0.9934126138687134,0.622367799282074,0.6165585517883301,-0.1132620498538017,0.9928539395332336,0.5464652180671692,0.619886040687561,-0.1372392475605011,0.9901766180992126,0.6018065810203552,0.5974847078323364,0.0083441706374287,0.9999788999557496,0.5673719644546509,0.600881040096283,-0.0084978807717561,0.9999791979789734,0.6046071648597717,0.729712963104248,0.0079114194959402,0.9818680882453918,0.5703964233398438,0.7338703870773315,-0.0227495916187763,0.9828031063079834,0.6088648438453674,0.8501461744308472,0.1041332110762596,0.9815108180046082,0.5731319189071655,0.8510062098503113,0.0664305835962295,0.9839711785316468,0.6063565611839294,0.8648625612258911,0.1079029887914657,0.7785353660583496,0.5770038962364197,0.8633280992507935,0.0712982863187789,0.7556602358818054,0.6146494746208191,0.8822335004806519,0.0127242868766188,0.9826714396476746,0.5729856491088867,0.8840650320053101,-0.0215690191835165,0.979921281337738
0.5804646015167236,0.3802909851074219,-0.2344765961170196,0.999990165233612,0.5840581059455872,0.3713130950927734,-0.2238066345453262,0.9999777674674988,0.5862597823143005,0.3721312284469604,-0.2239881008863449,0.9999722242355348,0.5893993973731995,0.3733168244361877,-0.2239659875631332,0.999980330467224,0.5780046582221985,0.370713472366333,-0.2244466096162796,0.9999859929084778,0.5765447020530701,0.3708675503730774,-0.2246612012386322,0.9999871253967284,0.5744143724441528,0.3711550235748291,-0.2247741222381591,0.9999908804893494,0.5925076603889465,0.3784586191177368,-0.146969735622406,0.9999735951423644,0.5719156861305237,0.3751072585582733,-0.1499194502830505,0.9999599456787108,0.5849104523658752,0.391163021326065,-0.2030875235795974,0.999989092350006,0.5777766704559326,0.3898032009601593,-0.2051208019256591,0.9999906420707704,0.6114523410797119,0.4444702863693237,-0.0779622644186019,0.9999935626983644,0.5523215532302856,0.4430493414402008,-0.0891433432698249,0.9999909996986388,0.615991473197937,0.5267980694770813,-0.0368897579610347,0.9942842721939088,0.5488629937171936,0.5267392992973328,-0.0639405325055122,0.9920425415039062,0.6245900988578796,0.6007019877433777,-0.1015383675694465,0.9973034858703612,0.5434258580207825,0.6035650372505188,-0.1257138401269912,0.9965819716453552,0.6271083354949951,0.6230940818786621,-0.1209678426384925,0.9941475987434388,0.5415050983428955,0.6277757883071899,-0.1492836773395538,0.992177665233612,0.624793291091919,0.6240111589431763,-0.1466691344976425,0.9951519966125488,0.544700562953949,0.6270862817764282,-0.1716904193162918,0.9933762550354004,0.622507631778717,0.6165632009506226,-0.112452857196331,0.9928432703018188,0.5464676022529602,0.6198821067810059,-0.1365242451429367,0.9901374578475952,0.6019763946533203,0.5974321961402893,0.0078907571732997,0.9999783635139464,0.5674902200698853,0.6007875800132751,-0.0080450344830751,0.99997878074646,0.6047340035438538,0.7300353646278381,0.0078083844855427,0.981579840183258,0.5703960061073303,0.7338952422142029,-0.0229073036462068,0.9827266335487366,0.6090368032455444,0.8499122858047485,0.1046869829297065,0.9808157086372375,0.573154628276825,0.8511431813240051,0.0654296427965164,0.9837268590927124,0.6064847707748413,0.8642502427101135,0.1087027564644813,0.7724050283432007,0.5771762132644653,0.8636617660522461,0.0701969712972641,0.7536799311637878,0.6146292090415955,0.8822065591812134,0.0151730291545391,0.981943905353546,0.5727964639663696,0.8841943740844727,-0.0218551494181156,0.9795597791671752
0.5806043744087219,0.3807990252971649,-0.2373017966747284,0.9999897480010986,0.5841566920280457,0.3715703189373016,-0.2268490195274353,0.9999767541885376,0.586406409740448,0.3723863959312439,-0.2270324975252151,0.9999709725379944,0.5895100831985474,0.3734984397888183,-0.2270092964172363,0.9999793767929076,0.5781139135360718,0.3709749579429626,-0.2276910245418548,0.99998539686203,0.5766533017158508,0.3711168467998504,-0.227906122803688,0.9999865889549256,0.5745494961738586,0.3714107573032379,-0.2280194610357284,0.9999905228614808,0.5925689935684204,0.3784793019294739,-0.1501956433057785,0.9999724626541138,0.5720306634902954,0.3751555979251861,-0.1539269387722015,0.9999585747718812,0.5850921869277954,0.39155113697052,-0.2058475911617279,0.9999885559082032,0.5779182314872742,0.3902938067913055,-0.2081120163202285,0.9999902248382568,0.611667811870575,0.4444289207458496,-0.0808402299880981,0.99999338388443,0.5523980855941772,0.4428570866584778,-0.0925716161727905,0.9999908804893494,0.6161502599716187,0.5267879962921143,-0.0392460338771343,0.9942149519920348,0.548866331577301,0.5267601013183594,-0.0678096190094947,0.992072582244873,0.6248331665992737,0.600698709487915,-0.1021869480609893,0.9972492456436156,0.5434080958366394,0.6037575006484985,-0.1287401914596557,0.9965922236442566,0.6273887157440186,0.623009979724884,-0.1213669553399086,0.9940378069877625,0.5414958596229553,0.6278709769248962,-0.1522680968046188,0.9921835660934448,0.6255894303321838,0.6240234375,-0.1472190767526626,0.995061457157135,0.5447016954421997,0.6271485686302185,-0.1745715886354446,0.993383288383484,0.6229894161224365,0.6166192889213562,-0.1131275445222854,0.9927182793617249,0.5464701056480408,0.6199352741241455,-0.139481633901596,0.9901461005210876,0.6020795702934265,0.5974235534667969,0.0078703677281737,0.999978005886078,0.5675762295722961,0.6007869243621826,-0.0080241877585649,0.9999785423278807,0.6049419641494751,0.7300822138786316,0.0082606077194213,0.9815069437026978,0.5703960061073303,0.7338927388191223,-0.0225919131189584,0.9827706813812256,0.6093141436576843,0.8493973612785339,0.1076645329594612,0.980425238609314,0.5731563568115234,0.8512095212936401,0.065422810614109,0.983690083026886,0.6066772937774658,0.8638493418693542,0.1119161322712898,0.7692651152610779,0.577204167842865,0.863819420337677,0.0701483264565467,0.7534679174423218,0.6146996021270752,0.8819206953048706,0.0193265695124864,0.9815174341201782,0.572529673576355,0.8841994404792786,-0.0219606794416904,0.9794421195983888
0.5806939005851746,0.3815098106861114,-0.2395735681056976,0.9999892115592957,0.5842341780662537,0.3721374273300171,-0.2294728457927703,0.9999755024909972,0.5865135192871094,0.3730359375476837,-0.2296578735113144,0.999969482421875,0.589599609375,0.3740592300891876,-0.2296347767114639,0.9999783039093018,0.578184962272644,0.3713521361351013,-0.2302354127168655,0.999984622001648,0.5767123103141785,0.3714343011379242,-0.2304516285657882,0.9999858736991882,0.5745950937271118,0.3716779053211212,-0.2305658310651779,0.9999900460243224,0.5926232933998108,0.3785886466503143,-0.1531307101249694,0.9999712109565736,0.5720859169960022,0.3751861751079559,-0.1564411669969558,0.9999567270278932,0.5851881504058838,0.3920516073703766,-0.208051398396492,0.9999879002571106,0.5780059099197388,0.3909293413162231,-0.2102161049842834,0.999989688396454,0.611886203289032,0.4441880881786346,-0.0832866728305816,0.9999932646751404,0.5524605512619019,0.442665159702301,-0.0940253511071205,0.999990701675415,0.6163173913955688,0.5265073776245117,-0.0412398502230644,0.9941948652267456,0.5488680005073547,0.5267910957336426,-0.0693700760602951,0.9920765161514282,0.6251661777496338,0.600702702999115,-0.1027196571230888,0.9972180724143982,0.543408989906311,0.6039019823074341,-0.1304982304573059,0.996576189994812,0.6278231143951416,0.622948408126831,-0.1217228919267654,0.9939751625061036,0.5414970517158508,0.627918004989624,-0.1539939492940902,0.992146134376526,0.6265637278556824,0.6240440607070923,-0.1476278454065323,0.99500972032547,0.5447104573249817,0.6271976232528687,-0.1762294173240661,0.9933536648750304,0.6237064003944397,0.6167036294937134,-0.1136347576975822,0.9926448464393616,0.5464776754379272,0.6199821829795837,-0.1412079334259033,0.9901028275489808,0.6022236943244934,0.597456693649292,0.007776447571814,0.999977707862854,0.5676939487457275,0.6009281873703003,-0.0079289935529232,0.9999783635139464,0.6051644086837769,0.7301259636878967,0.0094235697761178,0.9816627502441406,0.570395290851593,0.733940064907074,-0.0222471747547388,0.9830609560012816,0.6093698740005493,0.848944365978241,0.1116629764437675,0.9803604483604432,0.5732006430625916,0.8512741923332214,0.0656624361872673,0.983890414237976,0.6066648364067078,0.8634024858474731,0.1161474734544754,0.769029974937439,0.5773338675498962,0.8639479279518127,0.070344291627407,0.7559398412704468,0.6149364709854126,0.881190836429596,0.0241886787116527,0.9813815951347352,0.5723615288734436,0.8841893672943115,-0.0218759104609489,0.9796032309532166
0.5808117389678955,0.3829461634159088,-0.2515204846858978,0.999989092350006,0.5843454599380493,0.373180091381073,-0.24170783162117,0.9999752640724182,0.5867056250572205,0.3741141259670257,-0.2418973743915558,0.9999691843986512,0.5897597670555115,0.3750214576721191,-0.2418741285800933,0.9999780654907228,0.5782715678215027,0.3721527457237243,-0.2423537224531173,0.9999843835830688,0.5767931342124939,0.3721124529838562,-0.242571160197258,0.999985694885254,0.5746777057647705,0.3722283542156219,-0.2426861375570297,0.9999898672103882,0.5928236842155457,0.3788843750953674,-0.1637751013040542,0.9999711513519288,0.5721961855888367,0.3752661347389221,-0.1665821075439453,0.9999563097953796,0.5853195190429688,0.3932132720947265,-0.2191004753112793,0.9999876618385316,0.5781014561653137,0.3920502364635467,-0.2211234718561172,0.9999895095825196,0.6120310425758362,0.4440953433513641,-0.0906985029578208,0.9999932646751404,0.5525012612342834,0.4426150321960449,-0.1001983731985092,0.9999906420707704,0.6170679926872253,0.5264384746551514,-0.047315202653408,0.9942421913146972,0.5488197207450867,0.5268935561180115,-0.0748930945992469,0.99216490983963,0.6256785988807678,0.6007991433143616,-0.1079263836145401,0.9972057938575744,0.5433712005615234,0.6042332053184509,-0.1379444599151611,0.996590256690979,0.6283719539642334,0.6229456067085266,-0.1271352469921112,0.9939452409744264,0.5414676666259766,0.6281927227973938,-0.1618652194738388,0.992178738117218,0.6274069547653198,0.624150812625885,-0.1530196964740753,0.9949819445610046,0.5447129011154175,0.6273664832115173,-0.1843276470899582,0.993382215499878,0.6245164275169373,0.6169236302375793,-0.1187645643949508,0.9925994277000428,0.5464796423912048,0.6201098561286926,-0.1487489342689514,0.9901328086853028,0.6023970246315002,0.5978775024414062,0.0076927677728235,0.9999779462814332,0.5677592754364014,0.6015838384628296,-0.0078433221206069,0.9999787211418152,0.6054524183273315,0.7304065227508545,0.0124328201636672,0.982286274433136,0.5703946948051453,0.7342183589935303,-0.0209426172077655,0.983769416809082,0.6092783808708191,0.8482221364974976,0.1214168295264244,0.9809626936912536,0.5732104182243347,0.8512369990348816,0.0691361203789711,0.9845581650733948,0.6060943603515625,0.8628115653991699,0.1265207976102829,0.7753074169158936,0.5773439407348633,0.8639204502105713,0.0738734751939773,0.7639771699905396,0.6155946850776672,0.8801711201667786,0.0342967063188552,0.981881320476532,0.5723613500595093,0.8841813802719116,-0.0199138708412647,0.9803467988967896
0.5808064341545105,0.3845577538013458,-0.2546664774417877,0.9999891519546508,0.5843697786331177,0.3744945526123047,-0.2448453307151794,0.9999753832817078,0.586722195148468,0.3753710687160492,-0.2450366616249084,0.9999693036079408,0.5897797346115112,0.3761432468891144,-0.2450094819068908,0.9999781250953674,0.5782760381698608,0.3733556866645813,-0.2455047816038131,0.9999844431877136,0.576789915561676,0.3731670081615448,-0.2457223236560821,0.9999857544898988,0.5746772885322571,0.3730502128601074,-0.2458344846963882,0.999989926815033,0.5928376913070679,0.3793612718582153,-0.1664142459630966,0.9999713897705078,0.5722411870956421,0.3755713105201721,-0.1695007383823394,0.999956488609314,0.5853226780891418,0.3949753940105438,-0.2220143228769302,0.999987542629242,0.5781017541885376,0.3933319747447967,-0.2241072803735733,0.99998939037323,0.6120853424072266,0.4440408647060394,-0.0913863554596901,0.9999932646751404,0.5525103211402893,0.4425854384899139,-0.1045457273721695,0.999990701675415,0.617804765701294,0.5264309644699097,-0.0486291460692882,0.9942589402198792,0.5486742854118347,0.5272298455238342,-0.0827181041240692,0.9922639727592468,0.6262883543968201,0.6010493636131287,-0.1102250814437866,0.9971649646759032,0.5433698892593384,0.605055570602417,-0.1502086371183395,0.9966373443603516,0.6291077733039856,0.6230530738830566,-0.1297194361686706,0.9938682317733764,0.5414677858352661,0.6286104917526245,-0.1754294782876968,0.9922888278961182,0.6280566453933716,0.6243940591812134,-0.1554106622934341,0.9949120283126832,0.5448217988014221,0.6278938055038452,-0.1973493248224258,0.9934762716293336,0.6251724362373352,0.6172094345092773,-0.1210146620869636,0.9924838542938232,0.5466319918632507,0.6205554008483887,-0.1609037667512893,0.9902299046516418,0.60257887840271,0.5994306206703186,0.0084909657016396,0.9999781847000122,0.5678370594978333,0.6036543250083923,-0.00863703712821,0.9999790191650392,0.606176495552063,0.7317051887512207,0.0199007634073495,0.982884407043457,0.5703940987586975,0.7352082133293152,-0.0199331026524305,0.984399914741516,0.608893632888794,0.8479321599006653,0.134050041437149,0.9816172122955322,0.573212206363678,0.8509127497673035,0.0788944959640502,0.9850890040397644,0.6048070788383484,0.8626960515975952,0.1396298110485077,0.7835442423820496,0.5772395730018616,0.863385021686554,0.0844763740897178,0.7702473402023315,0.6174739599227905,0.8785539865493774,0.0475676208734512,0.9824629426002502,0.5724101662635803,0.8841252326965332,-0.010041955858469,0.9809195399284364
0.5808044075965881,0.3871752023696899,-0.2540587484836578,0.9999892711639404,0.5844137072563171,0.3771907091140747,-0.2443098872900009,0.9999756217002868,0.5867345333099365,0.3777364790439605,-0.2445035427808761,0.9999696016311646,0.5897819995880127,0.3782693147659302,-0.2444761097431183,0.9999783039093018,0.5782912969589233,0.375993937253952,-0.2448643147945404,0.9999845027923584,0.5767893195152283,0.3754463791847229,-0.2450830489397049,0.9999858736991882,0.57468181848526,0.3749571442604065,-0.2451915591955185,0.9999899864196776,0.5928340554237366,0.3804095983505249,-0.1660319119691848,0.9999717473983764,0.5722852349281311,0.376784086227417,-0.1686830371618271,0.9999565482139589,0.5853211283683777,0.3974548578262329,-0.2214351445436477,0.9999874830245972,0.578086793422699,0.395362377166748,-0.2234040200710296,0.9999892711639404,0.6121695041656494,0.4441021382808685,-0.0914258658885955,0.9999932646751404,0.5524985790252686,0.4429160356521606,-0.1036523804068565,0.999990701675415,0.6187316179275513,0.526449978351593,-0.0491431504487991,0.9943931698799132,0.5483356714248657,0.5285447835922241,-0.0829055681824684,0.9923833012580872,0.6272134184837341,0.6019396185874939,-0.1101123169064521,0.9971810579299928,0.54332435131073,0.606784462928772,-0.1514806151390075,0.9966804385185242,0.6300362944602966,0.6241585612297058,-0.1296524703502655,0.9938848614692688,0.5414267182350159,0.6298733949661255,-0.1765886396169662,0.992386758327484,0.6293761730194092,0.6255378723144531,-0.1552243083715438,0.9949190616607666,0.5448681712150574,0.629767656326294,-0.1987729519605636,0.993558406829834,0.6265996098518372,0.618162989616394,-0.1208434253931045,0.992477297782898,0.5467135310173035,0.6222846508026123,-0.1622881442308426,0.990311563014984,0.6026626229286194,0.6022398471832275,0.0085372738540172,0.9999784231185912,0.5678601861000061,0.6061118245124817,-0.0086825275793671,0.9999791979789734,0.606827974319458,0.7335183620452881,0.0197187419980764,0.9835092425346376,0.5702711939811707,0.7357569336891174,-0.0199913773685693,0.9848732948303224,0.6085929870605469,0.8479549288749695,0.1282730400562286,0.98237407207489,0.5732730627059937,0.8506629467010498,0.0788809284567833,0.9854809045791626,0.6039249897003174,0.8632878661155701,0.1331046968698501,0.793429970741272,0.5772885084152222,0.8631255626678467,0.0842846184968948,0.7765392065048218,0.6203687787055969,0.8769773840904236,0.0407522991299629,0.9831144213676452,0.5722542405128479,0.8840783834457397,-0.0093995574861764,0.9813417196273804
0.5805294513702393,0.3911455869674682,-0.2544404566287994,0.9999889135360718,0.5844100117683411,0.381587415933609,-0.2451662719249725,0.9999746084213256,0.58668452501297,0.3819102644920349,-0.2453639805316925,0.9999684691429138,0.5896314978599548,0.3824280500411987,-0.2453389763832092,0.9999774694442748,0.5782634615898132,0.3802623450756073,-0.2460671067237854,0.9999836683273317,0.5766952633857727,0.3794884383678436,-0.2462888807058334,0.9999851584434508,0.5746275782585144,0.3786448836326599,-0.2463990300893783,0.9999893307685852,0.5927773714065552,0.3836309015750885,-0.1683160215616226,0.9999709725379944,0.5722865462303162,0.3792574405670166,-0.1725847423076629,0.9999539852142334,0.5849483013153076,0.4013403058052063,-0.2221572399139404,0.9999867081642152,0.5777261257171631,0.3990880846977234,-0.2245425134897232,0.9999883770942688,0.6122594475746155,0.4447178244590759,-0.0916244313120842,0.9999931454658508,0.5524886846542358,0.4443363845348358,-0.1099466383457183,0.9999903440475464,0.6196218132972717,0.527288019657135,-0.0488492250442504,0.9945141077041626,0.5478878021240234,0.5295868515968323,-0.0915229767560958,0.992485761642456,0.6286929249763489,0.6038500070571899,-0.1091491878032684,0.9972147345542908,0.5433510541915894,0.6077064275741577,-0.1575239151716232,0.9966921806335448,0.6316326856613159,0.6263585686683655,-0.1287916749715805,0.9939453601837158,0.5414909720420837,0.6311028599739075,-0.1821184158325195,0.9924108982086182,0.6310123205184937,0.6275575757026672,-0.1544586569070816,0.9949646592140198,0.5451928377151489,0.630866527557373,-0.2038688659667968,0.9935764670372008,0.6283387541770935,0.620073676109314,-0.1199242398142814,0.9925341010093688,0.5470868945121765,0.6230921745300293,-0.168022409081459,0.9902990460395812,0.6028570532798767,0.6039687991142273,0.0097467573359608,0.999978244304657,0.567987322807312,0.6073664426803589,-0.0098922820761799,0.99997878074646,0.6076751351356506,0.7354855537414551,0.0212511997669935,0.9839167594909668,0.5699301958084106,0.7364313006401062,-0.0240478944033384,0.9850791096687316,0.6080788373947144,0.8484811782836914,0.1243600696325302,0.983138918876648,0.5734140872955322,0.8496679067611694,0.0768020823597908,0.9855985641479492,0.6025933027267456,0.8651673793792725,0.1293835341930389,0.8046329617500305,0.5773730874061584,0.8618236184120178,0.0824392959475517,0.7814633250236511,0.6248304843902588,0.8756930828094482,0.0362066552042961,0.983726680278778,0.5719764232635498,0.8838913440704346,-0.0118227982893586,0.981376051902771
0.5802839994430542,0.3980705142021179,-0.2735982835292816,0.9999895095825196,0.5843422412872314,0.3879803717136383,-0.2646633088588714,0.9999759197235109,0.5865992307662964,0.3880248963832855,-0.2648666799068451,0.9999701380729676,0.5893964767456055,0.3880243003368377,-0.2648371160030365,0.9999786019325256,0.57816481590271,0.3869099020957947,-0.266111671924591,0.9999844431877136,0.5764526724815369,0.3860672414302826,-0.2663325369358063,0.9999858736991882,0.574402928352356,0.3850717842578888,-0.266438752412796,0.9999898076057434,0.5926957726478577,0.3889044821262359,-0.1854705512523651,0.9999724626541138,0.572150468826294,0.3845793008804321,-0.1923267990350723,0.9999558329582214,0.5846796631813049,0.4083285331726074,-0.2400580793619156,0.9999870657920836,0.5772251486778259,0.4072149693965912,-0.2432024478912353,0.999988615512848,0.6124175190925598,0.4470749795436859,-0.1020440757274627,0.9999932646751404,0.5520826578140259,0.4480087459087372,-0.1281562596559524,0.9999904036521912,0.620510458946228,0.5302240252494812,-0.0569690838456153,0.994696855545044,0.5471253991127014,0.5329673290252686,-0.1091178208589553,0.9928351044654846,0.6297699809074402,0.6072484850883484,-0.1138375326991081,0.9973095655441284,0.5433893799781799,0.6141098141670227,-0.1715607792139053,0.9968087077140808,0.6321780681610107,0.6309820413589478,-0.1322541236877441,0.994136929512024,0.5414984822273254,0.6392912864685059,-0.1959334462881088,0.9926472902297974,0.6314870119094849,0.6318677067756653,-0.1575508266687393,0.9951215982437134,0.5452941656112671,0.6386529207229614,-0.2175092101097107,0.993781566619873,0.6289237141609192,0.6240651607513428,-0.124327965080738,0.9927552342414856,0.5473243594169617,0.6304343938827515,-0.1818069964647293,0.9905648827552797,0.6030916571617126,0.6064088940620422,0.0122714890167117,0.9999781847000122,0.5680001974105835,0.6098833084106445,-0.0124164624139666,0.999978482723236,0.6086902618408203,0.7364725470542908,0.0280881319195032,0.984266996383667,0.5691807866096497,0.7375585436820984,-0.0267754662781953,0.9855542182922364,0.6080868244171143,0.8484987616539001,0.1255283504724502,0.9840038418769836,0.5737547278404236,0.848581850528717,0.0751305520534515,0.9859381318092346,0.6024593710899353,0.8658867478370667,0.1294581592082977,0.8172513842582703,0.5774717926979065,0.8605469465255737,0.0811869800090789,0.7886819243431091,0.6292241811752319,0.875365674495697,0.0393483005464077,0.9845415949821472,0.5719711780548096,0.8838155269622803,-0.0129853663966059,0.9817959666252136
0.5799903869628906,0.4040877819061279,-0.2784237563610077,0.999989926815033,0.5841363668441772,0.3934473097324371,-0.269489586353302,0.9999770522117616,0.5864334106445312,0.3935036361217499,-0.2696991562843323,0.9999715089797974,0.5889517068862915,0.3933729231357574,-0.2696703970432281,0.9999796152114868,0.5780026912689209,0.3926474153995514,-0.2711673378944397,0.9999850392341614,0.5762155652046204,0.39185631275177,-0.2713818550109863,0.9999864101409912,0.5742090344429016,0.3908800482749939,-0.2714845538139343,0.999990165233612,0.5921642780303955,0.3947803080081939,-0.1911598294973373,0.9999738335609436,0.5719781517982483,0.3902616202831268,-0.1989950984716415,0.9999572038650512,0.5842224359512329,0.4146604835987091,-0.2452901899814605,0.9999874234199524,0.576673686504364,0.4127373397350311,-0.2487085461616516,0.999988853931427,0.6124104857444763,0.4519795775413513,-0.1087407171726226,0.9999934434890748,0.5514238476753235,0.4553579986095428,-0.1343819051980972,0.9999904036521912,0.6213401556015015,0.5352622866630554,-0.0640376880764961,0.9949206113815308,0.5452113747596741,0.5405538082122803,-0.1187633797526359,0.9931431412696838,0.6303455829620361,0.6138467192649841,-0.1219701468944549,0.9974303245544434,0.5433618426322937,0.6212673187255859,-0.1847151815891266,0.996911883354187,0.6326677799224854,0.6370187401771545,-0.1406647115945816,0.9943872094154358,0.5414989590644836,0.6468179225921631,-0.2100874781608581,0.9928593635559082,0.6317597031593323,0.638072669506073,-0.1656724959611892,0.9953253269195556,0.5453703999519348,0.6458076238632202,-0.2307980805635452,0.993961751461029,0.6290493607521057,0.6309109926223755,-0.1323541551828384,0.9930368661880492,0.5474279522895813,0.6373666524887085,-0.1947079002857208,0.9907974004745485,0.6031035780906677,0.6110942959785461,0.0126970801502466,0.9999789595603944,0.5679987668991089,0.6149410605430603,-0.0128391589969396,0.9999790191650392,0.611402690410614,0.7377225160598755,0.0281997732818126,0.9850243330001832,0.567246675491333,0.7385488152503967,-0.0265072416514158,0.9860954880714417,0.6082416772842407,0.8477938175201416,0.1341006010770797,0.9850418567657472,0.575596034526825,0.8473897576332092,0.0855089202523231,0.9865452647209167,0.6023880839347839,0.8658429980278015,0.1388361752033233,0.8298357725143433,0.5802513360977173,0.8601402044296265,0.0922476053237915,0.7983664870262146,0.6310908794403076,0.8753920197486877,0.0520502962172031,0.9854960441589355,0.5730262398719788,0.8838050961494446,0.0046105901710689,0.9825181365013124
0.5795085430145264,0.4157455861568451,-0.3117624521255493,0.9999906420707704,0.5834066867828369,0.4037493169307709,-0.3035861253738403,0.99997878074646,0.5858641862869263,0.4034494459629059,-0.3038039803504944,0.9999736547470092,0.5879287719726562,0.4031841456890106,-0.3037694990634918,0.999981164932251,0.5775187611579895,0.4026506841182709,-0.3053224384784698,0.9999861121177672,0.5755783319473267,0.401844322681427,-0.3055304884910583,0.9999873638153076,0.5737072825431824,0.4010967314243316,-0.3056288957595825,0.9999908208847046,0.5908339023590088,0.4038496017456054,-0.2243382036685943,0.9999758005142212,0.5710507035255432,0.3999747037887573,-0.2325019389390945,0.9999598860740662,0.5832138061523438,0.4262600243091583,-0.2779216170310974,0.9999881982803344,0.5759018063545227,0.424155980348587,-0.2814136445522308,0.9999895095825196,0.6123641729354858,0.4592428505420685,-0.1363213211297989,0.9999938011169434,0.550312340259552,0.4653862118721008,-0.1633139252662658,0.9999906420707704,0.6220547556877136,0.5432655215263367,-0.0904029384255409,0.995155155658722,0.5433678030967712,0.5505616664886475,-0.1485943794250488,0.9934648871421814,0.6309754848480225,0.6244426369667053,-0.1458397507667541,0.9975431561470032,0.5432499051094055,0.6331871151924133,-0.2136462777853012,0.9970126152038574,0.6330452561378479,0.6467212438583374,-0.1647617369890213,0.9946094155311584,0.5414291024208069,0.6582942008972168,-0.2397751808166504,0.9930427074432372,0.6315797567367554,0.6469601988792419,-0.1891828328371048,0.99550598859787,0.5453709959983826,0.6580020189285278,-0.2602527737617492,0.9941200613975524,0.6288847327232361,0.6397966742515564,-0.1558373570442199,0.9932767152786256,0.547450840473175,0.6491481065750122,-0.2235089838504791,0.9909712672233582,0.6030493378639221,0.6153897047042847,0.0135421212762594,0.9999797940254213,0.5676228404045105,0.619402289390564,-0.0136766554787755,0.9999796748161316,0.6139901876449585,0.7376927137374878,0.0314394570887088,0.985383689403534,0.5657199025154114,0.7394524216651917,-0.0264123510569334,0.9864172339439392,0.6085342168807983,0.8471027612686157,0.1442081332206726,0.9858332872390748,0.5778315663337708,0.8473590612411499,0.0913570746779441,0.9870052933692932,0.6022675633430481,0.8658468723297119,0.1495922058820724,0.8408182859420776,0.5827485918998718,0.860392153263092,0.0985045433044433,0.806506872177124,0.6323252320289612,0.8763088583946228,0.0640636384487152,0.9862590432167052,0.5753441452980042,0.8843040466308594,0.0113728651776909,0.983096182346344
0.5785268545150757,0.4269946217536926,-0.3315978050231933,0.9999914169311525,0.5819400548934937,0.4149113595485687,-0.3238372802734375,0.9999805688858032,0.5846980810165405,0.4143237173557281,-0.3240543901920318,0.9999759197235109,0.5868234038352966,0.4139208495616913,-0.3240143358707428,0.99998277425766,0.5762658715248108,0.4146921038627624,-0.3259137868881225,0.999987244606018,0.5744158625602722,0.4140311181545257,-0.3261096179485321,0.9999883770942688,0.5725240707397461,0.4133502244949341,-0.3261900544166565,0.999991536140442,0.5895130634307861,0.4145365357398987,-0.2452973276376724,0.9999778270721436,0.5699899792671204,0.4129858911037445,-0.255039632320404,0.9999626874923706,0.5818313360214233,0.4376102387905121,-0.2979156672954559,0.9999891519546508,0.5751600861549377,0.4365675747394562,-0.3018454909324646,0.9999903440475464,0.61220383644104,0.4705278277397156,-0.1544228047132492,0.9999942779541016,0.5483314394950867,0.478565365076065,-0.1854845583438873,0.9999911785125732,0.622840166091919,0.5578346252441406,-0.1087902784347534,0.9954881072044371,0.5407829880714417,0.5643019676208496,-0.1723976880311966,0.993809461593628,0.630813717842102,0.6391735672950745,-0.1647732257843017,0.9977270364761353,0.541873574256897,0.6473286151885986,-0.234043538570404,0.9971413612365724,0.6331207752227783,0.6620838642120361,-0.1839381605386734,0.9949880242347716,0.5397331118583679,0.6728076338768005,-0.2597305178642273,0.9933026432991028,0.6312462687492371,0.6613720655441284,-0.2082128673791885,0.99582040309906,0.5442073345184326,0.6720349192619324,-0.2807312309741974,0.9943472743034364,0.6284416317939758,0.6537922024726868,-0.1745889484882354,0.993722915649414,0.546432614326477,0.6642664074897766,-0.2439091056585312,0.9912318587303162,0.6025770902633667,0.6210662126541138,0.0163339730352163,0.9999808073043824,0.5666286945343018,0.6259615421295166,-0.0164737999439239,0.999980330467224,0.6176612377166748,0.7357112169265747,0.0001535723422421,0.985437273979187,0.5652621984481812,0.7407397031784058,-0.0545490309596061,0.9863684177398682,0.6091915369033813,0.8465719819068909,0.112463466823101,0.9863172769546508,0.5803317427635193,0.8481415510177612,0.0548731014132499,0.9872097373008728,0.6021889448165894,0.8664660453796387,0.1177844479680061,0.8511225581169128,0.5845241546630859,0.8627991080284119,0.0612164102494716,0.8114661574363708,0.6333714723587036,0.8771825432777405,0.031445849686861,0.9869016408920288,0.5794042348861694,0.8851340413093567,-0.0297059994190931,0.9835405945777892
0.5769850015640259,0.445933848619461,-0.3381859958171844,0.9999921321868896,0.580362856388092,0.4327242970466614,-0.3316194713115692,0.9999821782112122,0.5832006931304932,0.4321898221969604,-0.3318229019641876,0.9999778866767884,0.585651695728302,0.4317332208156585,-0.3317903578281402,0.9999842643737792,0.5740710496902466,0.4320695102214813,-0.3334162831306457,0.999988317489624,0.5717528462409973,0.4314374029636383,-0.3336030840873718,0.9999892711639404,0.5696297287940979,0.4307937920093536,-0.3336764872074127,0.9999921917915344,0.5884809494018555,0.431705117225647,-0.2577046155929565,0.9999796152114868,0.5680336356163025,0.4300684034824371,-0.2660980224609375,0.9999650120735168,0.5805712342262268,0.455698013305664,-0.3060461580753326,0.9999899864196776,0.5733238458633423,0.4545601308345794,-0.3095781505107879,0.9999910593032836,0.6114975810050964,0.4838562607765198,-0.1695306301116943,0.9999947547912598,0.5462804436683655,0.4932998120784759,-0.1979587227106094,0.9999915957450868,0.6228116750717163,0.5710258483886719,-0.1230917647480964,0.9957927465438844,0.5375209450721741,0.5796818137168884,-0.1835184246301651,0.9940265417099,0.6304322481155396,0.6527085900306702,-0.1644778102636337,0.9978817105293274,0.5391066074371338,0.66783607006073,-0.2285681664943695,0.997064769268036,0.6331049799919128,0.6764234900474548,-0.1812882125377655,0.995263397693634,0.5361327528953552,0.692595899105072,-0.250288188457489,0.9928887486457824,0.6290180683135986,0.6757474541664124,-0.2038366049528122,0.9960474371910096,0.5401527285575867,0.6939927339553833,-0.2710497975349426,0.9940237402915956,0.6260129809379578,0.6676228046417236,-0.1732322424650192,0.9940378665924072,0.5430862307548523,0.6850171089172363,-0.2379108071327209,0.9906195998191832,0.6009995937347412,0.6268932223320007,0.0168064422905445,0.9999815821647644,0.5643947720527649,0.6329575181007385,-0.0169573966413736,0.9999805688858032,0.6197382211685181,0.7345101833343506,-0.0455751754343509,0.9825392365455629,0.563423752784729,0.7430894374847412,-0.0822331830859184,0.98284113407135,0.6094114780426025,0.8466361165046692,0.0511408410966396,0.9847110509872437,0.5829706788063049,0.851935088634491,0.0077978395856916,0.9851498007774352,0.6021450757980347,0.8680130243301392,0.0551876910030841,0.8536752462387085,0.5867645740509033,0.8675069808959961,0.0123437922447919,0.8005740642547607,0.6344739198684692,0.8781678676605225,-0.0312443971633911,0.9860904812812804,0.5827851891517639,0.8866386413574219,-0.079283207654953,0.9818096160888672
0.5754477381706238,0.471407026052475,-0.399818867444992,0.9999925494194032,0.5785219073295593,0.4572794437408447,-0.391435831785202,0.999983251094818,0.5810613036155701,0.4566427767276764,-0.3916179835796356,0.9999789595603944,0.5834367871284485,0.4559540450572967,-0.3915803730487823,0.9999851584434508,0.5718880891799927,0.4566423594951629,-0.3929184377193451,0.9999890327453612,0.5695556998252869,0.4560790061950683,-0.3930992782115936,0.9999898672103882,0.5677358508110046,0.4555464088916778,-0.3931752443313598,0.999992609024048,0.5867429375648499,0.4544472098350525,-0.3044004738330841,0.9999802708625792,0.5668219327926636,0.4530561566352844,-0.3115606009960174,0.9999658465385436,0.5787465572357178,0.4790037274360657,-0.362522691488266,0.999990463256836,0.5717672109603882,0.4794236421585083,-0.3656388521194458,0.999991536140442,0.6098014712333679,0.4994185268878937,-0.2049511075019836,0.9999950528144836,0.5457848310470581,0.5082978010177612,-0.2256895005702972,0.9999920129776,0.6228231191635132,0.5876590609550476,-0.1736738681793213,0.9958335757255554,0.5347389578819275,0.5976720452308655,-0.2180560529232025,0.9938513040542604,0.628302276134491,0.6699937582015991,-0.2325716018676757,0.9978297352790833,0.5349481105804443,0.6860730051994324,-0.2774453163146972,0.996672749519348,0.6315475106239319,0.6956596374511719,-0.2542503774166107,0.9950262308120728,0.5317993760108948,0.7139508128166199,-0.3029284179210663,0.9916923642158508,0.6247585415840149,0.6951747536659241,-0.2756947576999664,0.9958032369613647,0.5361713171005249,0.7133466005325317,-0.3253807127475738,0.9930357933044434,0.6218019723892212,0.6865523457527161,-0.2412468492984771,0.993559956550598,0.5392935872077942,0.7037373185157776,-0.2877067327499389,0.9887381196022034,0.5984781980514526,0.6320304870605469,0.0162186864763498,0.9999819993972778,0.5620063543319702,0.637419581413269,-0.0163656752556562,0.999980926513672,0.6217711567878723,0.7324975728988647,-0.1082298830151557,0.9766893982887268,0.5612591505050659,0.7429966926574707,-0.1877420097589492,0.9789308309555054,0.6094163060188293,0.846865177154541,0.0038268242496997,0.9813390970230104,0.5852152705192566,0.8552547693252563,-0.0689202398061752,0.980426788330078,0.60218346118927,0.868829071521759,0.0085829254239797,0.8552051782608032,0.58860844373703,0.8701180815696716,-0.0618965029716491,0.788504421710968,0.6349812150001526,0.8795164227485657,-0.093888446688652,0.9840553402900696,0.585815966129303,0.8892279267311096,-0.1676231771707534,0.9775708317756652
0.5724542140960693,0.4945689439773559,-0.4284258782863617,0.9999924302101136,0.5760259628295898,0.4815192818641662,-0.421534389257431,0.9999833703041076,0.5785274505615234,0.4811828136444092,-0.4217123389244079,0.9999788403511048,0.5807949304580688,0.4807306230068207,-0.4216823279857635,0.9999852776527404,0.569118082523346,0.4802590906620025,-0.4226728677749634,0.9999892115592957,0.5670192837715149,0.4795747101306915,-0.422841727733612,0.9999898672103882,0.5648533701896667,0.4787914752960205,-0.4229287207126617,0.999992609024048,0.5848787426948547,0.4784704148769378,-0.3385988473892212,0.9999801516532898,0.5642369985580444,0.4758911728858948,-0.343404620885849,0.9999650716781616,0.5764667391777039,0.5031349062919617,-0.3922074437141418,0.999990463256836,0.5688155889511108,0.5026780366897583,-0.394654631614685,0.9999916553497314,0.6076828837394714,0.5192880034446716,-0.2341100126504898,0.9999952912330629,0.544973611831665,0.5265388488769531,-0.2563092112541199,0.9999922513961792,0.6216342449188232,0.6108391284942627,-0.2042866200208664,0.9957062602043152,0.5329402089118958,0.6128433346748352,-0.246844932436943,0.9930099248886108,0.6228706240653992,0.6967594623565674,-0.2637357413768768,0.9974033832550048,0.5311534404754639,0.706578254699707,-0.2997872531414032,0.995189130306244,0.6229360103607178,0.7244374752044678,-0.2860321700572967,0.9936733245849608,0.5263566970825195,0.7349566221237183,-0.3258251249790191,0.9871332049369812,0.6166988015174866,0.722991406917572,-0.3074305355548858,0.9945619702339172,0.5292673110961914,0.7377846837043762,-0.3470450341701507,0.9892603158950806,0.6148257851600647,0.7154840230941772,-0.2724925577640533,0.9916451573371888,0.5329170823097229,0.7267817258834839,-0.3096027076244354,0.9829009771347046,0.5961126089096069,0.6383237838745117,0.0168527979403734,0.9999822378158568,0.5598634481430054,0.6433368921279907,-0.0169754158705472,0.9999812245368958,0.6221520900726318,0.7378108501434326,-0.0868597701191902,0.9728775024414062,0.5618914365768433,0.743951141834259,-0.1468607783317566,0.975475549697876,0.6090829968452454,0.8478695154190063,0.0487573817372322,0.9759867191314696,0.5870072245597839,0.8582605719566345,-0.022236131131649,0.9769508242607116,0.6021827459335327,0.8696487545967102,0.0560569949448108,0.8401075601577759,0.5902259945869446,0.8725089430809021,-0.0142745710909366,0.7684269547462463,0.6344124674797058,0.8801511526107788,-0.0417044498026371,0.9796658158302308,0.5872065424919128,0.891067385673523,-0.1174987778067588,0.9736063480377196
0.569884717464447,0.524421751499176,-0.453206330537796,0.9999918937683104,0.5736319422721863,0.5098311901092529,-0.4466608762741089,0.99998277425766,0.5762692093849182,0.508683979511261,-0.4468392431735992,0.999977707862854,0.5787959694862366,0.5073394775390625,-0.4468178153038025,0.999984622001648,0.5668321847915649,0.5093768835067749,-0.4488838613033294,0.999989092350006,0.5644918084144592,0.5083714723587036,-0.449036955833435,0.9999896287918092,0.5625157952308655,0.5073023438453674,-0.4491266012191772,0.9999924898147584,0.582383394241333,0.502227246761322,-0.3637923300266266,0.9999788999557496,0.5610017776489258,0.5026152729988098,-0.3743821978569031,0.9999639391899108,0.5741052031517029,0.5313907265663147,-0.4167914688587188,0.999989926815033,0.5668023228645325,0.5308976173400879,-0.4208742380142212,0.9999914169311525,0.6048648953437805,0.5399317145347595,-0.2578487694263458,0.9999955296516418,0.5420578718185425,0.5500415563583374,-0.2871103286743164,0.9999926686286926,0.6189794540405273,0.632632315158844,-0.2366530299186706,0.9947581887245178,0.5306923985481262,0.6372362971305847,-0.2840580642223358,0.9893537163734436,0.6152204275131226,0.7259926795959473,-0.2975618243217468,0.9956039786338806,0.5249621272087097,0.7364251017570496,-0.3345188796520233,0.9889345765113832,0.6159873604774475,0.7521350979804993,-0.3199900686740875,0.9882844090461732,0.5202059149742126,0.762687087059021,-0.3614845275878906,0.970251739025116,0.6090526580810547,0.7525697946548462,-0.3397789001464844,0.9895725846290588,0.5223349928855896,0.7651545405387878,-0.3803645968437195,0.974897801876068,0.6069031357765198,0.7451710104942322,-0.3056809306144714,0.983809530735016,0.525428056716919,0.7550172805786133,-0.3432576358318329,0.9610030651092528,0.5946350693702698,0.6453496217727661,0.0199299342930316,0.9999823570251464,0.5583422183990479,0.6508349776268005,-0.0199936293065547,0.9999820590019226,0.6207435727119446,0.742140531539917,-0.0621629320085048,0.9102258682250975,0.5609145760536194,0.7454591393470764,-0.2184832543134689,0.9623453617095948,0.6084510087966919,0.8473265767097473,0.1257279962301254,0.9010809063911438,0.5868514180183411,0.8587703704833984,-0.1163885444402694,0.9625222086906432,0.6013932824134827,0.8696096539497375,0.1399638950824737,0.7681544423103333,0.5900545120239258,0.8730953335762024,-0.1102876290678978,0.7270296812057495,0.59911048412323,0.8776596784591675,0.0574935302138328,0.9128507971763612,0.5893632769584656,0.8911086916923523,-0.2175883799791336,0.9583956003189088
0.5654628276824951,0.5516087412834167,-0.4533892869949341,0.9999920725822448,0.5687457323074341,0.5391393303871155,-0.4467754662036896,0.999983251094818,0.5715517401695251,0.5385441780090332,-0.4469330906867981,0.999978005886078,0.5741533041000366,0.5378508567810059,-0.4469010233879089,0.9999848008155824,0.5621930360794067,0.5384271144866943,-0.4471131265163421,0.9999896287918092,0.5600515604019165,0.5374478697776794,-0.447258323431015,0.9999901056289672,0.5576974153518677,0.5363821983337402,-0.4473366141319275,0.999992847442627,0.5786489248275757,0.533521831035614,-0.3673663437366485,0.9999787211418152,0.5565297603607178,0.5314968228340149,-0.3686064779758453,0.9999657273292542,0.5698120594024658,0.557663083076477,-0.4186297357082367,0.999990165233612,0.5628558993339539,0.5583021640777588,-0.4199618101119995,0.9999918341636658,0.6024564504623413,0.5683314800262451,-0.2677351236343384,0.9999955296516418,0.5404255986213684,0.5717050433158875,-0.2774897813796997,0.9999931454658508,0.6139353513717651,0.6601741909980774,-0.2579098641872406,0.9943148493766784,0.5264804363250732,0.6704319715499878,-0.2808155715465545,0.989750862121582,0.607985258102417,0.755370557308197,-0.3199487626552582,0.9946852922439576,0.5181212425231934,0.7709429860115051,-0.3421290516853332,0.989511787891388,0.6081984043121338,0.7809767127037048,-0.3448785543441772,0.98596453666687,0.5119470953941345,0.7965841889381409,-0.3708547949790954,0.9713721871376038,0.6007735133171082,0.7787402272224426,-0.363282561302185,0.9872458577156068,0.5165006518363953,0.8006405830383301,-0.3901744782924652,0.9758771657943726,0.5987891554832458,0.7701729536056519,-0.3276748359203338,0.9800333976745604,0.5203753113746643,0.7927045226097107,-0.3514447510242462,0.9622896313667296,0.5941001176834106,0.6520757675170898,0.0146931800991296,0.999980330467224,0.5576241612434387,0.6575566530227661,-0.0147452522069215,0.9999815821647644,0.6205727458000183,0.7398064732551575,-0.1365552395582199,0.8997822999954224,0.5578638315200806,0.7449204325675964,-0.2258078455924987,0.9490551948547364,0.6092063784599304,0.8448249697685242,0.0072953719645738,0.8894169330596924,0.5865494012832642,0.858736515045166,-0.0843212828040123,0.9432151317596436,0.6024188995361328,0.8668913245201111,0.0156229473650455,0.7414078116416931,0.5910385847091675,0.8735475540161133,-0.0746942833065986,0.6912599205970764,0.6249244213104248,0.8784087300300598,-0.0824316293001174,0.9029824733734132,0.5890455842018127,0.8921195864677429,-0.1761803328990936,0.9389621019363404
0.5633201003074646,0.5858820676803589,-0.4932936728000641,0.9999889731407166,0.5671217441558838,0.5725941061973572,-0.487291544675827,0.9999778270721436,0.5696532130241394,0.5718515515327454,-0.4874513447284698,0.9999687075614928,0.5719532370567322,0.5714166164398193,-0.48741614818573,0.9999778866767884,0.5607921481132507,0.5721361041069031,-0.4887794256210327,0.9999876618385316,0.5586082339286804,0.5706208944320679,-0.4889062345027923,0.9999880790710448,0.5561153292655945,0.5688173770904541,-0.4889861941337585,0.9999916553497314,0.5762197375297546,0.5641660094261169,-0.4073937237262726,0.9999648928642272,0.5538033246994019,0.5596392154693604,-0.4137594103813171,0.9999610781669616,0.5670994520187378,0.5886754989624023,-0.4577415585517883,0.9999862313270568,0.5608847737312317,0.588542640209198,-0.4605250060558319,0.9999899864196776,0.5999802350997925,0.5891416668891907,-0.3080667853355407,0.999994933605194,0.5377175211906433,0.5976959466934204,-0.3166127204895019,0.9999933242797852,0.6079951524734497,0.6854829788208008,-0.3079001605510711,0.9913145899772644,0.5238295197486877,0.6955163478851318,-0.3326778411865234,0.9896749258041382,0.5984141230583191,0.7860865592956543,-0.3688890635967254,0.990462362766266,0.5095263719558716,0.7957600951194763,-0.394962340593338,0.989130675792694,0.5974127650260925,0.8155806064605713,-0.3945297598838806,0.9775676727294922,0.5009918808937073,0.8213895559310913,-0.4242753684520721,0.9693892002105712,0.5905694961547852,0.8145684599876404,-0.4123330116271972,0.9788039326667786,0.5058790445327759,0.8255022764205933,-0.4427067041397095,0.9742304682731628,0.5894902944564819,0.8065452575683594,-0.376452088356018,0.9663715362548828,0.5107195377349854,0.817744255065918,-0.4039457440376282,0.9591950178146362,0.5920526385307312,0.6638113260269165,0.0103311277925968,0.9999799728393556,0.5571777820587158,0.6719530820846558,-0.0103344563394784,0.9999821186065674,0.6176121234893799,0.7393661141395569,-0.1785235852003097,0.8870305418968201,0.5522384643554688,0.7533324956893921,-0.2680496573448181,0.9383777976036072,0.6095495820045471,0.8424500226974487,-0.0057198661379516,0.8877028822898865,0.5861223340034485,0.8574455976486206,-0.0903929769992828,0.933388888835907,0.6047471761703491,0.8595583438873291,0.0051214164122939,0.7243978977203369,0.5905987024307251,0.8715457320213318,-0.0772498175501823,0.6697710752487183,0.6283928155899048,0.8784199953079224,-0.0980123728513717,0.9006907343864441,0.5877392292022705,0.8921587467193604,-0.1818489730358123,0.9279173612594604
0.557901918888092,0.6155215501785278,-0.5028930306434631,0.999934196472168,0.5621324181556702,0.6028057932853699,-0.4983901679515838,0.9998493194580078,0.5647048354148865,0.6018445491790771,-0.4985357522964477,0.9997790455818176,0.5669758319854736,0.6011252403259277,-0.4985281229019165,0.999835729598999,0.5555409789085388,0.6023314595222473,-0.4971261620521545,0.9999279379844666,0.5534273386001587,0.6008732318878174,-0.4972453117370605,0.9999309182167052,0.5513729453086853,0.59926837682724,-0.4973327219486236,0.99995619058609,0.5717245936393738,0.5932227969169617,-0.4263897836208343,0.999734342098236,0.5492452383041382,0.5888922214508057,-0.4199669957160949,0.9998505115509032,0.562510073184967,0.6192925572395325,-0.4704958796501159,0.9999127388000488,0.5554994344711304,0.6191133260726929,-0.4695371389389038,0.9999493360519408,0.5959733724594116,0.6163496971130371,-0.3350833654403686,0.9999915957450868,0.5349912643432617,0.6243801116943359,-0.3277854025363922,0.9999929666519164,0.5999644994735718,0.7177122831344604,-0.35567706823349,0.9795480966567992,0.5191866755485535,0.7293965220451355,-0.3529296219348907,0.9891479015350342,0.5895023941993713,0.8211383819580078,-0.41765958070755,0.9671253561973572,0.5009183287620544,0.8305041790008545,-0.4165729582309723,0.9859606623649596,0.5899642705917358,0.848652184009552,-0.4465607106685638,0.9419622421264648,0.4899076819419861,0.8522803783416748,-0.4467945694923401,0.956980288028717,0.5817900896072388,0.8476301431655884,-0.460976779460907,0.9431169033050536,0.4946569800376892,0.8564101457595825,-0.4644916653633117,0.9641888737678528,0.5806146860122681,0.8401063084602356,-0.4242816865444183,0.918802797794342,0.4996903538703918,0.8507139086723328,-0.4258157908916473,0.9449765086174012,0.5889023542404175,0.6801981329917908,0.005974703002721,0.9999762773513794,0.5554810762405396,0.6878224611282349,-0.0059947790578007,0.9999812841415404,0.6070185899734497,0.7471508383750916,-0.2185703366994857,0.8155919313430786,0.5502330660820007,0.7570929527282715,-0.282082200050354,0.8684471249580383,0.6110125780105591,0.8414919972419739,-0.0193370059132576,0.8231952786445618,0.5786502361297607,0.8475197553634644,-0.0574852935969829,0.853554904460907,0.6082426309585571,0.85493004322052,-0.0049852631054818,0.6618760228157043,0.5812016129493713,0.8633808493614197,-0.0473869331181049,0.6078110933303833,0.6334483623504639,0.8781291246414185,-0.1031381785869598,0.8378782272338867,0.5858002305030823,0.8903831243515015,-0.1583103686571121,0.8487517833709717
0.5505250096321106,0.6416710615158081,-0.4861870408058166,0.9998395442962646,0.5541349053382874,0.6304832100868225,-0.485082745552063,0.9997047781944276,0.5565499067306519,0.629564642906189,-0.4852264523506164,0.9995611310005188,0.5586373805999756,0.6288150548934937,-0.4852204024791717,0.99968683719635,0.5483304262161255,0.6291882991790771,-0.4801132977008819,0.9998464584350586,0.5465592741966248,0.6274701952934265,-0.4802365005016327,0.999834418296814,0.5448664426803589,0.6257969737052917,-0.4803348779678345,0.9999047517776488,0.5648120641708374,0.6202526688575745,-0.4256223738193512,0.9994356036186218,0.5462760329246521,0.6154394745826721,-0.4035034775733948,0.9997352957725524,0.5552523136138916,0.6458173990249634,-0.4582192003726959,0.9997843503952026,0.5490415096282959,0.6454392671585083,-0.4526865780353546,0.9998709559440612,0.5927819609642029,0.6397415995597839,-0.3479323089122772,0.9999871850013732,0.5331636667251587,0.644133985042572,-0.3128766417503357,0.9999929070472716,0.5919529795646667,0.7463694214820862,-0.3706294000148773,0.9738478064537048,0.5163196325302124,0.749923050403595,-0.3262296020984649,0.9891167283058168,0.5796334743499756,0.8526254296302795,-0.4118619561195373,0.9574316143989564,0.493478924036026,0.8540653586387634,-0.3843185603618622,0.9852582812309264,0.5818531513214111,0.8768018484115601,-0.4396667182445526,0.9227323532104492,0.4819490611553192,0.871499240398407,-0.4124228656291961,0.9530510306358336,0.5730356574058533,0.8775769472122192,-0.4530914723873138,0.925023317337036,0.4855480790138244,0.8760871291160583,-0.4308938682079315,0.961384117603302,0.5715334415435791,0.8698112368583679,-0.4176609814167022,0.8879489898681641,0.4913088381290436,0.8721104264259338,-0.3942456245422363,0.9399605393409728,0.5873714685440063,0.708254337310791,0.0004984110128134,0.9999760389328004,0.5546239614486694,0.7102768421173096,-0.0005015027127228,0.9999826550483704,0.6043274998664856,0.8039600849151611,-0.1447083801031112,0.7418889999389648,0.5465312600135803,0.7750246524810791,-0.2625928819179535,0.8392107486724854,0.6128942370414734,0.8389963507652283,0.1271820366382599,0.7434502840042114,0.5788567066192627,0.8391420245170593,-0.0525418780744075,0.7908055782318115,0.6117360591888428,0.84215247631073,0.151473119854927,0.5982603430747986,0.5840044617652893,0.8480492830276489,-0.0380742028355598,0.5563651323318481,0.6344954371452332,0.8767336010932922,0.0842320695519447,0.7597644925117493,0.5884449481964111,0.881832480430603,-0.11887688934803,0.7952142357826233
0.5471842288970947,0.6696139574050903,-0.4532077014446258,0.999853789806366,0.5507487058639526,0.6616215705871582,-0.4509289860725403,0.9997321367263794,0.5528240203857422,0.6604407429695129,-0.4510700404644012,0.9996022582054138,0.5547209978103638,0.6593304872512817,-0.4510602056980133,0.9997164011001588,0.544477105140686,0.6615084409713745,-0.4478039145469665,0.9998601675033568,0.5423792600631714,0.6601872444152832,-0.4479431807994842,0.9998485445976256,0.5404834151268005,0.6586965322494507,-0.4480291306972503,0.9999126195907592,0.5606021285057068,0.6483902931213379,-0.394809365272522,0.99948912858963,0.5406336188316345,0.6457049250602722,-0.3772770762443542,0.9997591376304626,0.551514208316803,0.6721230745315552,-0.4247864186763763,0.9998037219047546,0.5450577139854431,0.6717106699943542,-0.4214464724063873,0.9998816847801208,0.5889714956283569,0.6563715934753418,-0.3261280655860901,0.9999882578849792,0.5290435552597046,0.6626006960868835,-0.2939246892929077,0.9999935030937196,0.5857762694358826,0.7703168988227844,-0.3443003296852112,0.9763233065605164,0.5119951963424683,0.7732023000717163,-0.3107450306415558,0.9899911284446716,0.5735638737678528,0.8766371607780457,-0.3783374428749084,0.9615665078163148,0.4878185093402862,0.8745800852775574,-0.3711689114570617,0.9860973358154296,0.5751758813858032,0.8996587991714478,-0.4071948826313019,0.9299300312995912,0.4751183688640594,0.8901679515838623,-0.3997786939144134,0.9548506140708924,0.5651425123214722,0.9015036821365356,-0.4196124970912933,0.932042121887207,0.4808892011642456,0.8949580192565918,-0.4176476299762726,0.9631717801094056,0.5635953545570374,0.8939372301101685,-0.3838410377502441,0.8980833888053894,0.4867433905601501,0.8915578722953796,-0.3811681866645813,0.942671537399292,0.5842762589454651,0.7191179394721985,0.0021303896792232,0.9999779462814332,0.552496612071991,0.720248818397522,-0.0021504973992705,0.9999842643737792,0.6030030846595764,0.8392528295516968,-0.0345066525042057,0.6954187154769897,0.5425568222999573,0.7914303541183472,-0.2327420711517334,0.8519400358200073,0.6156020760536194,0.8366336822509766,0.2281602174043655,0.6708733439445496,0.5792996287345886,0.8609086275100708,-0.0593580119311809,0.7792350649833679,0.6154518127441406,0.8288202285766602,0.2529433965682983,0.5406333804130554,0.586264431476593,0.8605707883834839,-0.0428060106933116,0.5362018942832947,0.6316471099853516,0.8710534572601318,0.2044824808835983,0.6922494769096375,0.5885913372039795,0.8865755796432495,-0.1128474324941635,0.8026516437530518
0.541053056716919,0.6956116557121277,-0.5307576060295105,0.9998586177825928,0.5441198945045471,0.6876755952835083,-0.5330568552017212,0.9997506737709044,0.5467146635055542,0.6864990592002869,-0.5331937074661255,0.9996309876441956,0.548999011516571,0.6850361227989197,-0.5331946611404419,0.9997381567955016,0.5377225875854492,0.6857135891914368,-0.5254470705986023,0.9998674392700196,0.5359414219856262,0.6834126114845276,-0.5255853533744812,0.9998542666435242,0.5342618227005005,0.6808988451957703,-0.5256782174110413,0.9999158382415771,0.555004894733429,0.6737136244773865,-0.478961318731308,0.9995272159576416,0.5348141193389893,0.6680406332015991,-0.4450030028820038,0.99977046251297,0.545643150806427,0.6969012022018433,-0.503617525100708,0.9998112320899964,0.5400701761245728,0.6969095468521118,-0.4945160150527954,0.9998819828033448,0.5846768021583557,0.6772593259811401,-0.3940303921699524,0.999988615512848,0.5235521197319031,0.682176411151886,-0.3383172750473022,0.9999939203262328,0.5801630616188049,0.7902938723564148,-0.4150369763374328,0.9780519604682922,0.507912814617157,0.7902684807777405,-0.3384327888488769,0.9905881881713868,0.5682398676872253,0.8919833898544312,-0.4572478532791137,0.9650914669036864,0.4861223995685577,0.8894723653793335,-0.4051629304885864,0.9865296483039856,0.5710594654083252,0.9153959155082704,-0.4915665686130523,0.9361361265182496,0.4737873673439026,0.901277482509613,-0.4356530308723449,0.9563143253326416,0.5617507100105286,0.9177147150039672,-0.5048021674156189,0.9380247592926024,0.4786281287670135,0.9060193300247192,-0.4571922719478607,0.9645748734474182,0.5594198703765869,0.9106594324111938,-0.4634652137756347,0.906603217124939,0.4851604998111725,0.9045769572257996,-0.4167142510414123,0.9449384808540344,0.5842231512069702,0.7216899991035461,-0.0062537495978176,0.9999797940254213,0.5505651831626892,0.7225596308708191,0.0062686521559953,0.9999857544898988,0.6018913984298706,0.8487966060638428,-0.0781346261501312,0.6428855657577515,0.5403705835342407,0.8093153238296509,-0.2181479483842849,0.8514209985733032,0.6190558671951294,0.8371914625167847,0.1957072466611862,0.6068260073661804,0.5772111415863037,0.8629525899887085,0.0074475305154919,0.7332285046577454,0.6187102794647217,0.8305447101593018,0.2216105163097381,0.4911017715930938,0.5859373211860657,0.8612459301948547,0.0290256962180137,0.5013429522514343,0.6348870992660522,0.8719553351402283,0.1653454750776291,0.6324973106384277,0.5868514180183411,0.8880295157432556,-0.037293292582035,0.7689326405525208
0.5368104577064514,0.7197648286819458,-0.5364269018173218,0.999872624874115,0.5395444631576538,0.711553692817688,-0.5416908264160156,0.9997755885124208,0.5419177412986755,0.7097067832946777,-0.5418484807014465,0.9996678233146667,0.5442898273468018,0.707908034324646,-0.5418376326560974,0.999764323234558,0.5339155793190002,0.7117380499839783,-0.5346627831459045,0.9998806715011596,0.5322163105010986,0.7100416421890259,-0.5348352789878845,0.9998688101768494,0.5305619835853577,0.7082459330558777,-0.5349485874176025,0.9999242424964904,0.5510680079460144,0.6952838897705078,-0.4957208335399627,0.9995744824409484,0.5298398733139038,0.6933062076568604,-0.4625075161457062,0.9997933506965636,0.5413774251937866,0.7174369692802429,-0.5112004280090332,0.9998300075531006,0.5360674262046814,0.718632161617279,-0.5023339986801147,0.999893605709076,0.579640805721283,0.6925168037414551,-0.415140837430954,0.999989688396454,0.5170738697052002,0.6989654302597046,-0.3621682524681091,0.999994456768036,0.5778838992118835,0.8023550510406494,-0.4313097894191742,0.9802060723304749,0.5057715773582458,0.800618052482605,-0.3651257455348968,0.9915210604667664,0.5650412440299988,0.8993605971336365,-0.4736048281192779,0.9685711860656738,0.4860800504684448,0.893149197101593,-0.4322983920574188,0.987863063812256,0.5690495371818542,0.9175807237625122,-0.5122507214546204,0.9425005316734314,0.4733237326145172,0.9015480875968932,-0.4670805335044861,0.9606428742408752,0.559567391872406,0.9190625548362732,-0.5260860919952393,0.9441954493522644,0.4758253693580627,0.9061475396156312,-0.4875692427158355,0.9680799245834352,0.5572159290313721,0.9130463004112244,-0.4809323251247406,0.9158892035484314,0.4833844900131225,0.9062036275863647,-0.4441506266593933,0.9503852128982544,0.5821340084075928,0.7250419855117798,-0.0115203624591231,0.9999817609786988,0.5475150346755981,0.7299652695655823,0.0114233745262026,0.9999871253967284,0.601448655128479,0.8559961318969727,-0.0016572218155488,0.6779794096946716,0.5398069024085999,0.8402723670005798,0.0495108813047409,0.8646187782287598,0.6189974546432495,0.8375625610351562,0.2737679779529571,0.6045899987220764,0.5583595633506775,0.8325988054275513,0.3582328855991363,0.6704447269439697,0.619429886341095,0.8298274278640747,0.3020910918712616,0.497494637966156,0.5628430247306824,0.8188372254371643,0.3918259441852569,0.4656471014022827,0.6340665817260742,0.8723264336585999,0.2791670262813568,0.6524577736854553,0.5558175444602966,0.8647312521934509,0.3844390511512756,0.7220816612243652
0.531237006187439,0.7426280379295349,-0.4910696446895599,0.9998840093612672,0.5336250066757202,0.7347230315208435,-0.4949185252189636,0.9997975826263428,0.5359486937522888,0.73297518491745,-0.4950843453407287,0.999700367450714,0.5381931662559509,0.7310611605644226,-0.4950738549232483,0.9997875094413756,0.5275346636772156,0.7344207167625427,-0.4883905053138733,0.9998920559883118,0.5256253480911255,0.7323973774909973,-0.4885517954826355,0.9998810887336732,0.5238357782363892,0.7302698493003845,-0.4886600077152252,0.999931275844574,0.5458232164382935,0.7142007350921631,-0.452126681804657,0.999616801738739,0.5230714678764343,0.7136647701263428,-0.4184437096118927,0.999813199043274,0.535760760307312,0.740262508392334,-0.4656914472579956,0.9998456835746764,0.529504656791687,0.7420910596847534,-0.458096444606781,0.9999022483825684,0.5744053721427917,0.703812837600708,-0.3779901266098022,0.9999903440475464,0.5108089447021484,0.7110120058059692,-0.3228928446769714,0.9999945759773254,0.5796563625335693,0.8055602312088013,-0.3875098526477813,0.9821342825889589,0.5027061700820923,0.8028315901756287,-0.3239704072475433,0.9923389554023744,0.5654650926589966,0.9001553058624268,-0.4257205426692962,0.9716997146606444,0.4857878983020782,0.8930345177650452,-0.3880751430988312,0.9890610575675964,0.5687835812568665,0.9193862080574036,-0.4612261652946472,0.9482196569442748,0.4727844893932342,0.9013171792030334,-0.4196074604988098,0.9645313024520874,0.5597676634788513,0.919648826122284,-0.4734938740730285,0.9497427344322203,0.4751586616039276,0.9049368500709534,-0.4392376542091369,0.9712324738502502,0.5577076077461243,0.913585364818573,-0.4320843815803528,0.9242266416549684,0.4827277958393097,0.904951512813568,-0.3990674912929535,0.9552790522575378,0.5789709687232971,0.7461825013160706,-0.0139653226360678,0.999983012676239,0.5449512004852295,0.7540709376335144,0.0138635421171784,0.9999879002571106,0.6025918126106262,0.8688472509384155,0.016120770946145,0.7081064581871033,0.5414497256278992,0.8654365539550781,0.0732620656490325,0.8729142546653748,0.6202799677848816,0.8379645943641663,0.2709965407848358,0.5757176280021667,0.5622865557670593,0.8372140526771545,0.3588904440402984,0.6085644364356995,0.6195982694625854,0.8302779793739319,0.2976495623588562,0.4836602509021759,0.5653187036514282,0.8253307342529297,0.3904713094234466,0.4284937083721161,0.6310577392578125,0.8725849390029907,0.2811711728572845,0.6530105471611023,0.5632213354110718,0.8702440857887268,0.3882406055927276,0.6676755547523499
0.5258774757385254,0.7549194097518921,-0.3750356137752533,0.9998952746391296,0.5288997292518616,0.7481855154037476,-0.3832830488681793,0.999817669391632,0.5314674973487854,0.7463110685348511,-0.3834575414657593,0.9997301697731018,0.5336987972259521,0.7443146705627441,-0.3834656774997711,0.999808669090271,0.5222704410552979,0.7476309537887573,-0.3781900405883789,0.9999026656150818,0.5201614499092102,0.7456756234169006,-0.3783332109451294,0.9998927116394044,0.5180966258049011,0.7436995506286621,-0.3784239888191223,0.9999379515647888,0.5409029126167297,0.7285217046737671,-0.3600440323352813,0.9996550679206848,0.5180360078811646,0.7270697951316833,-0.3368449509143829,0.9998315572738647,0.5307472348213196,0.7522103190422058,-0.3582422435283661,0.9998608231544496,0.5236319303512573,0.7532202005386353,-0.35238778591156,0.999911606311798,0.5707687139511108,0.7095229029655457,-0.3080743253231048,0.999991238117218,0.5065231919288635,0.7193434834480286,-0.2609687149524688,0.999994933605194,0.5793231129646301,0.8077028393745422,-0.3127058148384094,0.9838961362838744,0.5006680488586426,0.8065899610519409,-0.2558702528476715,0.9930374026298524,0.5660703778266907,0.8997131586074829,-0.334478497505188,0.974524736404419,0.4858678579330444,0.8932021856307983,-0.2986506223678589,0.9901353120803832,0.5691298246383667,0.9164198637008668,-0.3603361845016479,0.9533807635307312,0.4729191958904266,0.9019855260849,-0.321025550365448,0.9680100679397584,0.5601168274879456,0.9187361001968384,-0.3700813353061676,0.9547529816627502,0.4763911068439483,0.9059627652168274,-0.3371118605136871,0.9740607738494872,0.5584399104118347,0.9132905006408693,-0.3388474881649017,0.9317684173583984,0.4832924902439117,0.9055128693580629,-0.3073201179504394,0.9596740007400512,0.5731438398361206,0.7664265036582947,-0.0099858967587351,0.9999845623970032,0.5402955412864685,0.7733617424964905,0.0098910415545105,0.9999889731407166,0.6026889085769653,0.885683536529541,-0.0017566352616995,0.7357643842697144,0.5418079495429993,0.8807547688484192,0.019862525165081,0.8833086490631104,0.6191712617874146,0.8414148688316345,0.2072916775941848,0.5720613598823547,0.5655683279037476,0.8321517109870911,0.2402634918689727,0.5681479573249817,0.618547797203064,0.8331615924835205,0.2294974029064178,0.486230194568634,0.5690634250640869,0.8162842392921448,0.2655614614486694,0.4091801941394806,0.6307401657104492,0.8730462789535522,0.2271304130554199,0.6659901738166809,0.5673570036888123,0.8612287640571594,0.274027019739151,0.640659749507904
0.5221965909004211,0.7647325992584229,-0.3098664581775665,0.9999048113822936,0.5245152711868286,0.7572400569915771,-0.3201775550842285,0.9998353719711304,0.5269625186920166,0.7550865411758423,-0.3203563988208771,0.9997565150260924,0.5292393565177917,0.7527990937232971,-0.3203628957271576,0.9998274445533752,0.518288254737854,0.7580759525299072,-0.3143836259841919,0.9999116659164428,0.5164168477058411,0.7567988038063049,-0.3145315945148468,0.9999025464057922,0.5146783590316772,0.7555487751960754,-0.314623087644577,0.9999434947967528,0.5362504720687866,0.7364646792411804,-0.3063630759716034,0.9996894001960754,0.5140904784202576,0.7378115057945251,-0.2801379561424255,0.9998472929000854,0.5273808836936951,0.7609995007514954,-0.2967672049999237,0.9998742938041688,0.5210753083229065,0.7635031342506409,-0.2899296879768371,0.999919593334198,0.5667553544044495,0.7141920328140259,-0.261858582496643,0.9999920725822448,0.5020682215690613,0.7248533368110657,-0.2107420116662979,0.999995231628418,0.5769955515861511,0.8088268637657166,-0.2635699212551117,0.9854746460914612,0.5011652708053589,0.8086287975311279,-0.198543980717659,0.9934704303741456,0.5659340620040894,0.9006026387214661,-0.2863191962242126,0.9770641922950744,0.4870818853378296,0.890632688999176,-0.2384307980537414,0.9910690188407898,0.569826066493988,0.9179285168647766,-0.3079357743263244,0.9580168128013612,0.4735342562198639,0.9012956619262696,-0.2553293406963348,0.9710716009140016,0.5603101849555969,0.919378697872162,-0.3167862296104431,0.9592554569244384,0.4764426648616791,0.905099093914032,-0.2719175517559051,0.9765651822090148,0.5580775737762451,0.9150549173355104,-0.2897383570671081,0.9385439157485962,0.483856052160263,0.9040151834487916,-0.2467125207185745,0.963577687740326,0.5705931186676025,0.7767634391784668,-0.0103909065946936,0.9999860525131226,0.5368810892105103,0.7849989533424377,0.0102908061817288,0.9999899864196776,0.6030689477920532,0.8994860053062439,-0.0264389775693416,0.7609252333641052,0.5277715921401978,0.8723026514053345,0.0087043354287743,0.8938888907432556,0.6186468005180359,0.8438639044761658,0.1591299921274185,0.5758507251739502,0.5730721354484558,0.8337021470069885,0.1870419085025787,0.5550580024719238,0.6171470880508423,0.8333985209465027,0.1792123913764953,0.4948489665985107,0.5773353576660156,0.8250747323036194,0.2082157135009765,0.4094488322734833,0.6309016942977905,0.8733744025230408,0.1768988072872162,0.6806231737136841,0.5872573852539062,0.8655686974525452,0.2148845046758651,0.6364536881446838
0.5201910734176636,0.7638083696365356,-0.2860817909240722,0.9999110102653505,0.5224279165267944,0.7571649551391602,-0.2963715195655823,0.999849498271942,0.5248307585716248,0.7558615803718567,-0.2965547144412994,0.999778151512146,0.5271535515785217,0.7540839910507202,-0.2965669929981231,0.9998431205749512,0.5162637829780579,0.7556129693984985,-0.2910922765731811,0.9999175667762756,0.514265239238739,0.7534760236740112,-0.2912368774414062,0.999908983707428,0.5123055577278137,0.7513706684112549,-0.2913247644901275,0.9999468326568604,0.5338207483291626,0.7371171116828918,-0.2841792106628418,0.9997196793556212,0.5120790600776672,0.7371894717216492,-0.2607352137565613,0.999858558177948,0.5249610543251038,0.7614156603813171,-0.2738421857357025,0.9998858571052552,0.5195246934890747,0.7622913122177124,-0.2678388357162475,0.9999260306358336,0.563721239566803,0.7150017619132996,-0.2480154335498809,0.999992847442627,0.4991203546524048,0.7256262898445129,-0.1926561295986175,0.9999955892562866,0.574720025062561,0.8082988858222961,-0.2538901567459106,0.9868335127830504,0.4998288154602051,0.8096302151679993,-0.1802100986242294,0.99324768781662,0.5658723711967468,0.9019349217414856,-0.2826986908912658,0.9793222546577454,0.4865505993366241,0.8922685384750366,-0.2189967334270477,0.9917449951171876,0.5693997144699097,0.9180287718772888,-0.3042355477809906,0.962111234664917,0.4737015664577484,0.9016212224960328,-0.2343582063913345,0.9734154343605042,0.5596373081207275,0.9191162586212158,-0.3124635815620422,0.9632407426834106,0.4758867025375366,0.9059924483299256,-0.2507802844047546,0.9785445928573608,0.5575414896011353,0.9141603708267212,-0.2858997285366058,0.9444954991340636,0.4834922254085541,0.905121684074402,-0.2270057797431945,0.9666998982429504,0.5673186779022217,0.7973255515098572,-0.0111120529472827,0.9999874234199524,0.5327013731002808,0.8024910688400269,0.0110214939340949,0.999990940093994,0.6028487086296082,0.9039835333824158,-0.0351313352584838,0.7805290818214417,0.5218073129653931,0.8831815719604492,-0.0260643158107996,0.9023727178573608,0.6145608425140381,0.8488608002662659,0.1479268223047256,0.5582405924797058,0.5758005976676941,0.8565248847007751,0.1517136543989181,0.5418902039527893,0.6125461459159851,0.8348726630210876,0.1691832989454269,0.4840569496154785,0.5812972187995911,0.8358631134033203,0.1724542528390884,0.4035805165767669,0.6275598406791687,0.8749906420707703,0.1700817197561264,0.6761900782585144,0.5938912630081177,0.8829391598701477,0.1694263815879821,0.6267959475517273
0.5200825333595276,0.7610811591148376,-0.3258078694343567,0.9999192357063292,0.5223190188407898,0.7541526556015015,-0.3342612385749817,0.9998639822006226,0.5245897173881531,0.7519688010215759,-0.3344517648220062,0.99979966878891,0.5265689492225647,0.7498248815536499,-0.3344541788101196,0.9998583197593688,0.5158600211143494,0.7552876472473145,-0.3306098878383636,0.9999250173568726,0.5136930346488953,0.7540222406387329,-0.3307574987411499,0.999917209148407,0.51158207654953,0.7526584267616272,-0.3308501243591308,0.999951422214508,0.5327503681182861,0.7316558361053467,-0.3103991746902466,0.9997474551200868,0.5106107592582703,0.735546886920929,-0.2942354381084442,0.9998711943626404,0.524899423122406,0.7562980055809021,-0.3091071546077728,0.9998967051506042,0.5179697275161743,0.7591381669044495,-0.3052676916122436,0.9999324679374696,0.5616535544395447,0.7136994004249573,-0.2646301090717315,0.9999935030937196,0.4974544644355774,0.7293758988380432,-0.2192798554897308,0.9999958276748656,0.57282954454422,0.8053200840950012,-0.2648845314979553,0.9880923628807068,0.4992018342018127,0.8113676905632019,-0.2127197384834289,0.993349313735962,0.5655660629272461,0.9013670682907104,-0.2972611486911773,0.9813689589500428,0.4862405359745025,0.8924307227134705,-0.2587717473506927,0.9924452900886536,0.5694644451141357,0.9192492365837096,-0.3203490972518921,0.9658364057540894,0.4751498103141784,0.901414394378662,-0.2776309549808502,0.9757289290428162,0.5598589181900024,0.9193983674049376,-0.3306358754634857,0.966861605644226,0.4766632318496704,0.9050529599189758,-0.2942799627780914,0.9804487824440002,0.5573328137397766,0.9137486815452576,-0.3014766573905945,0.949923038482666,0.4826053977012634,0.9045682549476624,-0.267146497964859,0.9696334600448608,0.5638549327850342,0.8091209530830383,-0.0093804290518164,0.9999884963035583,0.5289830565452576,0.8169162273406982,0.0092945294454693,0.9999915957450868,0.6024696230888367,0.90554940700531,-0.0236886627972126,0.7988441586494446,0.5169828534126282,0.8953089714050293,-0.010682919062674,0.908658802509308,0.6142972111701965,0.8588035702705383,0.1675526946783065,0.5405325293540955,0.5559794902801514,0.8614530563354492,0.1920987069606781,0.5056025981903076,0.6113015413284302,0.8476676940917969,0.1888189315795898,0.4726764261722564,0.560592770576477,0.8427891135215759,0.2154435813426971,0.380852609872818,0.6282966732978821,0.8768712282180786,0.1930490881204605,0.6699979901313782,0.5685672760009766,0.8867185115814209,0.2230157107114792,0.5930979251861572
0.5169553160667419,0.7632061243057251,-0.3202777504920959,0.9999260902404784,0.5196993947029114,0.754972517490387,-0.329168438911438,0.9998765587806702,0.5221302509307861,0.7528846859931946,-0.3293509781360626,0.9998185038566588,0.5242523550987244,0.7507346272468567,-0.3293477296829223,0.9998716711997986,0.5129762887954712,0.7552947402000427,-0.3245571553707123,0.9999311566352844,0.5107861757278442,0.7535174489021301,-0.3247112929821014,0.9999239444732666,0.5086392164230347,0.7515111565589905,-0.32480588555336,0.999955117702484,0.5316785573959351,0.7336068153381348,-0.3068882524967193,0.9997722506523132,0.5071614384651184,0.7357013821601868,-0.2871113419532776,0.999881625175476,0.521746039390564,0.7604499459266663,-0.3042468130588531,0.999906361103058,0.5147525072097778,0.7634173631668091,-0.2992972433567047,0.9999380707740784,0.5603170990943909,0.7176189422607422,-0.2609285414218902,0.9999940991401672,0.494558721780777,0.7295979857444763,-0.2141361236572265,0.9999961256980896,0.5714688897132874,0.8054667711257935,-0.2656672894954681,0.9892542362213136,0.4979128539562225,0.8100230693817139,-0.2048876881599426,0.993138551712036,0.5655652284622192,0.9008086919784546,-0.3049715459346771,0.9832191467285156,0.4859860241413116,0.8927487134933472,-0.2500340342521667,0.99300616979599,0.5692470073699951,0.917815923690796,-0.3284460306167602,0.9692130088806152,0.4755091071128845,0.9023653268814088,-0.2684467732906341,0.9776597023010254,0.5597366690635681,0.9192625284194946,-0.3384477496147156,0.9701409339904784,0.4761891365051269,0.905892014503479,-0.2852778136730194,0.9820606708526612,0.5572202205657959,0.914532482624054,-0.3090676665306091,0.9548484086990356,0.4813286364078522,0.904992401599884,-0.2583473026752472,0.972137212753296,0.561350405216217,0.8113452792167664,-0.0084884976968169,0.9999894499778748,0.5271909236907959,0.8203691840171814,0.0084024136886,0.9999922513961792,0.6022245287895203,0.9055481553077698,-0.024645747616887,0.8113954663276672,0.514137864112854,0.9096607565879822,-0.0386589504778385,0.9157103896141052,0.6103094220161438,0.8658801317214966,0.1732215285301208,0.5076042413711548,0.5621584057807922,0.8742008209228516,0.1823476403951645,0.4738196432590484,0.6072286367416382,0.85417240858078,0.1945603340864181,0.4501635432243347,0.5670454502105713,0.8584886193275452,0.1930653750896453,0.3636500239372253,0.6271247267723083,0.8803510069847107,0.195601001381874,0.6435225009918213,0.5712770819664001,0.8993985056877136,0.1717362105846405,0.5620619654655457
0.5156428217887878,0.7601429224014282,-0.273168683052063,0.9999314546585084,0.5182068943977356,0.7518813014030457,-0.2815459966659546,0.9998869299888612,0.5207067728042603,0.7503957748413086,-0.2817161679267883,0.9998342394828796,0.5229665040969849,0.7488484978675842,-0.2817082405090332,0.9998829364776612,0.5110633373260498,0.7518203854560852,-0.2768983542919159,0.999935507774353,0.5086491107940674,0.7502350211143494,-0.2770562469959259,0.999928653240204,0.5064305067062378,0.7484915852546692,-0.2771559953689575,0.9999575018882751,0.5298859477043152,0.7332783341407776,-0.2621546685695648,0.9997937679290771,0.5050503611564636,0.734072744846344,-0.2424255758523941,0.999888837337494,0.5210806727409363,0.7594476342201233,-0.2588028013706207,0.9999144673347472,0.5132695436477661,0.7611958980560303,-0.2538897097110748,0.999942421913147,0.5594627857208252,0.719831109046936,-0.2205652743577957,0.9999946355819702,0.4926528036594391,0.7304221987724304,-0.179081991314888,0.999996304512024,0.5721817016601562,0.8045001029968262,-0.2235841006040573,0.9902691841125488,0.4955044090747833,0.8092728853225708,-0.1670239865779876,0.9921544790267944,0.5657132267951965,0.8992377519607544,-0.2589722275733948,0.9848708510398864,0.4865433275699615,0.8914570212364197,-0.2044024169445037,0.993162214756012,0.5694819092750549,0.9175733923912048,-0.2778484225273132,0.9722176790237428,0.4759446978569031,0.9029099345207214,-0.2181252688169479,0.9785326719284058,0.5594488382339478,0.9188435673713684,-0.2868177592754364,0.9730646014213562,0.4771495759487152,0.9054735898971558,-0.2337028086185455,0.9829406142234802,0.5571458339691162,0.914039433002472,-0.2623127102851867,0.959229052066803,0.4830422103404999,0.9033801555633544,-0.2117089480161667,0.9737393260002136,0.560002863407135,0.8142666816711426,-0.0080576911568641,0.9999902844429016,0.5263179540634155,0.8195264339447021,0.0079761538654565,0.999992847442627,0.6009371280670166,0.9071069359779358,-0.0416859313845634,0.8228121399879456,0.5107405781745911,0.9024727940559388,-0.0814918801188469,0.9226893782615662,0.6080198287963867,0.8668065071105957,0.1206215545535087,0.489926815032959,0.5644840598106384,0.8750839829444885,0.0790089815855026,0.4595076739788055,0.6074193120002747,0.8623144626617432,0.1387127935886383,0.4381667375564575,0.5695440769195557,0.859569251537323,0.0978493764996528,0.3596867620944977,0.6245566010475159,0.8819844722747803,0.1414099484682083,0.6314529180526733,0.5804382562637329,0.9010628461837769,0.0997977629303932,0.5483986139297485
0.5114357471466064,0.756070077419281,-0.2977570295333862,0.9999343156814576,0.5144065618515015,0.747877299785614,-0.3044248819351196,0.9998944401741028,0.516889214515686,0.7463085651397705,-0.304585725069046,0.999845325946808,0.5193614363670349,0.7446744441986084,-0.3045714199542999,0.9998913407325744,0.5081189274787903,0.7478299140930176,-0.2992967963218689,0.9999375343322754,0.506019651889801,0.7461945414543152,-0.2994617521762848,0.9999302625656128,0.5040532350540161,0.7444543838500977,-0.2995672225952148,0.9999584555625916,0.527531087398529,0.7304619550704956,-0.2767747938632965,0.9998106956481934,0.5030351281166077,0.7299601435661316,-0.2550086379051208,0.999890685081482,0.5166698098182678,0.7556681036949158,-0.2805740237236023,0.9999202489852904,0.5094624757766724,0.7563945055007935,-0.2751087844371795,0.9999446868896484,0.5571562051773071,0.7200747132301331,-0.228006362915039,0.9999949932098388,0.4903243780136108,0.7304613590240479,-0.1858889758586883,0.9999964237213136,0.5725813508033752,0.8051893711090088,-0.2324323505163192,0.9910916090011596,0.493867427110672,0.8111833333969116,-0.1747761219739914,0.990344762802124,0.5660706758499146,0.8994944095611572,-0.2744867205619812,0.9862706661224364,0.4863670170307159,0.8912782669067383,-0.2203213423490524,0.992912530899048,0.5697658061981201,0.9183533787727356,-0.2945551574230194,0.9746932983398438,0.4752098023891449,0.902617573738098,-0.2364079803228378,0.9781901240348816,0.5598118305206299,0.9188663959503174,-0.3044537603855133,0.9755013585090636,0.4770222306251526,0.9054561257362366,-0.2524660229682922,0.9829237461090088,0.5574561357498169,0.913950741291046,-0.278281033039093,0.9627450108528136,0.4835601449012756,0.9035619497299194,-0.228072240948677,0.9739951491355896,0.5577088594436646,0.8175329566001892,-0.0080154966562986,0.999990940093994,0.5237212777137756,0.8261463046073914,0.0079220235347747,0.9999933242797852,0.6002934575080872,0.9067435264587402,-0.0571385473012924,0.8232119679450989,0.5102400183677673,0.9044899940490724,-0.1194925606250763,0.9285200238227844,0.6068832278251648,0.8669531941413879,0.1181268915534019,0.4607450067996979,0.5691469311714172,0.8814418315887451,0.0482972748577594,0.4416719079017639,0.6049144268035889,0.8575333952903748,0.1367847621440887,0.4122053980827331,0.5747362375259399,0.8658959865570068,0.068057544529438,0.3477367162704468,0.6235163807868958,0.8827979564666748,0.1280917972326278,0.6034823060035706,0.591741144657135,0.9065355658531188,0.0582689419388771,0.529543936252594
0.5088695883750916,0.7542544603347778,-0.2900957763195038,0.999935746192932,0.5125511288642883,0.7449352741241455,-0.2960185110569,0.9998999834060668,0.5153337717056274,0.7433573603630066,-0.2961793839931488,0.9998539686203004,0.5177703499794006,0.7418779730796814,-0.2961661219596863,0.9998980164527892,0.5056508779525757,0.7451039552688599,-0.2903217673301697,0.9999379515647888,0.5036836862564087,0.7434884309768677,-0.2904869616031647,0.9999303817749025,0.5018516778945923,0.7416258454322815,-0.2905942499637604,0.9999582767486572,0.5258530378341675,0.728487491607666,-0.2652090787887573,0.99982488155365,0.5010510087013245,0.7263062000274658,-0.2409449517726898,0.9998888969421388,0.5150938630104065,0.7542123198509216,-0.2719029188156128,0.9999246001243592,0.5070323348045349,0.7543736696243286,-0.2657611966133117,0.9999457597732544,0.5549827814102173,0.7176036834716797,-0.217112198472023,0.9999952912330629,0.4887458682060241,0.7301563024520874,-0.1711495965719223,0.9999964833259584,0.5721927881240845,0.804494321346283,-0.2203471064567566,0.9918639659881592,0.4926337003707886,0.810569703578949,-0.1558273434638977,0.9877930283546448,0.5658541917800903,0.8998016119003296,-0.2638852298259735,0.9875360131263732,0.4862549602985382,0.889981210231781,-0.2009652704000473,0.9925497174263,0.5697219967842102,0.9188965559005736,-0.2838245928287506,0.9769356846809388,0.4753366112709045,0.9018165469169616,-0.2167646288871765,0.9777063727378844,0.5598202347755432,0.9197763800621032,-0.2939632833003998,0.9777109622955322,0.4777677357196808,0.9047747850418092,-0.2335919588804245,0.9828108549118042,0.5573685765266418,0.9143786430358888,-0.267730563879013,0.9659724831581116,0.4839164912700653,0.9026421308517456,-0.2090708762407302,0.9741353392601012,0.5560763478279114,0.8213850855827332,-0.007819234393537,0.9999914765357972,0.5215351581573486,0.8341512084007263,0.0077379392459988,0.9999936819076538,0.5999069809913635,0.9062899351119996,-0.0606872327625751,0.8248025178909302,0.5092996954917908,0.905883491039276,-0.1292846202850341,0.9343796372413636,0.605373203754425,0.866867184638977,0.1231452152132988,0.4276935756206512,0.5729066133499146,0.8874953985214233,0.0293206274509429,0.4292710125446319,0.6024301648139954,0.8551904559135437,0.142730250954628,0.385874330997467,0.5768816471099854,0.8663191199302673,0.0481665097177028,0.341235876083374,0.6215286254882812,0.882956326007843,0.1346915662288665,0.5688382983207703,0.5963687300682068,0.9109474420547484,0.0354051142930984,0.5159541964530945
0.507785975933075,0.7534357309341431,-0.2981128692626953,0.9999354481697084,0.5115864872932434,0.7431014180183411,-0.3033874332904815,0.9999026656150818,0.5144169926643372,0.7416489124298096,-0.3035472631454468,0.9998584985733032,0.5170062780380249,0.7402312159538269,-0.3035371601581573,0.9999018907546996,0.503987729549408,0.7431509494781494,-0.2981146872043609,0.9999361634254456,0.5018869638442993,0.7415425181388855,-0.2982802391052246,0.9999281167984008,0.4998869299888611,0.7396589517593384,-0.2983914017677307,0.9999568462371826,0.5249759554862976,0.7267246842384338,-0.2712650895118713,0.999835193157196,0.4998499155044555,0.7237125635147095,-0.2487939894199371,0.999882996082306,0.5142616629600525,0.7542213797569275,-0.2796161472797394,0.9999261498451232,0.5059662461280823,0.7541124820709229,-0.2740019261837005,0.999944269657135,0.5539320707321167,0.7179145216941833,-0.2209757268428802,0.9999954700469972,0.4872864186763763,0.7314619421958923,-0.1821870952844619,0.9999964237213136,0.5719500780105591,0.8046309947967529,-0.2252802103757858,0.9924584031105042,0.4918500185012817,0.8119034171104431,-0.1708054989576339,0.9842294454574584,0.5658223628997803,0.9003378748893738,-0.2696619927883148,0.9885149598121644,0.4851716458797455,0.8915729522705078,-0.2158801704645156,0.9917941093444824,0.5696759819984436,0.918563425540924,-0.2894820868968963,0.9785866737365724,0.4745140969753265,0.9025641679763794,-0.2323909103870391,0.9762738943099976,0.559610903263092,0.9195082187652588,-0.2992672026157379,0.9793840646743774,0.4765897393226623,0.9056369066238404,-0.2487128376960754,0.9819948077201844,0.5573557019233704,0.9137869477272034,-0.2733957171440124,0.9682738780975342,0.4824646115303039,0.9037783741950988,-0.2237843573093414,0.9732763767242432,0.5546122193336487,0.8223587274551392,-0.0051286416128277,0.999991774559021,0.5194713473320007,0.8368542194366455,0.0050588105805218,0.999993860721588,0.5976561307907104,0.9053750038146972,-0.0648137107491493,0.8258782029151917,0.5093387365341187,0.9077934622764589,-0.1348510682582855,0.9386723637580872,0.6038902997970581,0.865779459476471,0.1179700419306755,0.3966289758682251,0.5696249604225159,0.8798254728317261,0.037906426936388,0.4031385481357574,0.6010589599609375,0.8539426326751709,0.1374928206205368,0.3617700934410095,0.5767768621444702,0.8686518669128418,0.0584710091352462,0.3243817687034607,0.6192024946212769,0.8826756477355957,0.1320290714502334,0.5346728563308716,0.5931733846664429,0.907300591468811,0.0512342229485511,0.487145334482193
