0.5151730179786682,0.36342838406562805,-0.23302406072616577,0.9999384880065918,0.516834557056427,0.35367339849472046,-0.22024968266487122,0.9998744130134583,0.5181949138641357,0.3539322316646576,-0.22024621069431305,0.9998812079429626,0.5196262001991272,0.35421022772789,-0.22025753557682037,0.9998403191566467,0.5113032460212708,0.35307449102401733,-0.22998374700546265,0.999872088432312,0.5086457133293152,0.3530178368091583,-0.2299930900335312,0.9998738169670105,0.5059826970100403,0.35299748182296753,-0.22997337579727173,0.9998453855514526,0.5179965496063232,0.357826292514801,-0.13253526389598846,0.9997240304946899,0.49885091185569763,0.35584256052970886,-0.17231878638267517,0.9998122453689575,0.5158733129501343,0.3758380711078644,-0.19559958577156067,0.9998698234558105,0.5087027549743652,0.3753720223903656,-0.2085663378238678,0.9998722672462463,0.5248323678970337,0.41521990299224854,-0.02828110009431839,0.9997058510780334,0.47845280170440674,0.412191241979599,-0.13650618493556976,0.9997027516365051,0.53128582239151,0.5070698261260986,0.03234083950519562,0.9186124205589294,0.47291868925094604,0.49357718229293823,-0.11679775267839432,0.5907989144325256,0.5326867699623108,0.5702640414237976,-0.03482251986861229,0.8872029781341553,0.47877731919288635,0.5732733011245728,-0.150445356965065,0.7489548325538635,0.5263729691505432,0.5886096954345703,-0.0486692450940609,0.8233816027641296,0.4749303460121155,0.5965051054954529,-0.16801834106445312,0.6966302990913391,0.5284366011619568,0.5873149037361145,-0.06318387389183044,0.8188539743423462,0.48109570145606995,0.5956045389175415,-0.18160997331142426,0.6797020435333252,0.528475821018219,0.5812749266624451,-0.04289712756872177,0.7972885370254517,0.48354870080947876,0.5896302461624146,-0.1557200849056244,0.6476770043373108,0.521772027015686,0.5775275230407715,0.0376729741692543,0.9993560314178467,0.493920236825943,0.5748619437217712,-0.037683021277189255,0.9995445609092712,0.5137649774551392,0.6984111666679382,0.05654750391840935,0.9758850932121277,0.4922909140586853,0.7004572749137878,-0.04768622666597366,0.9814055562019348,0.5097084641456604,0.8124356269836426,0.13942494988441467,0.9844236373901367,0.4938907027244568,0.8229742646217346,0.007437868509441614,0.9823706150054932,0.5040352940559387,0.8283573985099792,0.14259110391139984,0.9093257188796997,0.4884163737297058,0.840380847454071,0.007609293796122074,0.9335213899612427,0.5299155116081238,0.8483526110649109,0.07213585078716278,0.9861543774604797,0.5156717300415039,0.855597734451294,-0.0837002843618393,0.9869623184204102
0.5099955797195435,0.3747261464595794,-0.0869793072342872,0.9998129606246948,0.5106611847877502,0.3650737702846527,-0.0733526423573494,0.9997049570083618,0.5118175148963928,0.3654353618621826,-0.0733694061636924,0.9996197819709778,0.5130618810653687,0.3657873868942261,-0.0733642652630806,0.9996159076690674,0.5059167742729187,0.3627415299415588,-0.0840839296579361,0.9996746182441713,0.5038006901741028,0.361687958240509,-0.0840835124254226,0.9996368885040284,0.5013953447341919,0.3608301281929016,-0.084117405116558,0.9996760487556458,0.5100781321525574,0.3687427639961242,0.0065703014843165,0.9988596439361572,0.493745744228363,0.3641932010650635,-0.0426151789724826,0.9997085928916932,0.5103484392166138,0.3857645094394684,-0.0561660937964916,0.9997548460960388,0.5046654343605042,0.3839274942874908,-0.0703877955675125,0.9998600482940674,0.5185277462005615,0.430860698223114,0.0656090527772903,0.999707043170929,0.4732932150363922,0.4211857616901397,-0.0322046540677547,0.9998523592948914,0.5309203267097473,0.4979657828807831,0.0186448041349649,0.7943534255027771,0.4742274284362793,0.49881511926651,-0.1023319438099861,0.976152241230011,0.5381807088851929,0.4645520746707916,-0.1160989999771118,0.9338410496711732,0.5093268752098083,0.4523596167564392,-0.1767333894968032,0.9818897247314452,0.5395498871803284,0.4509271085262298,-0.1408515125513076,0.9020336866378784,0.516614556312561,0.442971259355545,-0.1977677345275879,0.9705965518951416,0.537531852722168,0.4448606967926025,-0.1395767629146576,0.905510425567627,0.517391562461853,0.4354296028614044,-0.1947607100009918,0.9686012864112854,0.5349618792533875,0.4492323696613312,-0.1192116439342498,0.8832221031188965,0.5147958397865295,0.438076913356781,-0.1753119826316833,0.9562680125236512,0.5182652473449707,0.5799001455307007,0.0316368043422699,0.9977825284004213,0.4892504513263702,0.5793150663375854,-0.0316166542470455,0.9973527193069458,0.5088722705841064,0.703291654586792,0.0230313204228878,0.9004063606262207,0.4887288212776184,0.7017969489097595,-0.0362337417900562,0.9722724556922911,0.5040623545646667,0.8125115633010864,0.117949865758419,0.922384798526764,0.4891106188297272,0.8189049363136292,0.0501331500709056,0.9584937691688538,0.4995056390762329,0.8272593021392822,0.1234750971198082,0.8710145950317383,0.4858675003051758,0.8348526954650879,0.0545518659055233,0.7806904911994934,0.5216283798217773,0.8451532125473022,0.058838702738285,0.938517689704895,0.5065087080001831,0.85186767578125,-0.0272561144083738,0.950249969959259
0.50983065366745,0.3747110962867737,-0.0848295539617538,0.9998132586479188,0.5104647278785706,0.3650504350662231,-0.0712259039282798,0.9997077584266664,0.5115787386894226,0.3654248118400574,-0.0712411701679229,0.9996233582496644,0.5127594470977783,0.3657572865486145,-0.0712377279996872,0.999622881412506,0.505744218826294,0.362770676612854,-0.0819196179509162,0.9996760487556458,0.5036421418190002,0.3617758154869079,-0.0819193869829177,0.9996378421783448,0.501194953918457,0.3609752357006073,-0.081956073641777,0.999677836894989,0.5096265077590942,0.3687053918838501,0.007872057147324,0.9988979697227478,0.4934733211994171,0.3643101453781128,-0.041061446070671,0.9997093677520752,0.510179340839386,0.3856138885021209,-0.05424614995718,0.9997598528862,0.5045755505561829,0.3839290142059326,-0.0683954730629921,0.9998602867126464,0.5185714960098267,0.4309680163860321,0.0652228370308876,0.9996996521949768,0.4733056724071502,0.4208488464355469,-0.0329546444118022,0.9998487830162048,0.5307578444480896,0.4987011849880218,0.0144213642925024,0.8027644157409668,0.4748184382915497,0.4987938702106476,-0.0984529331326484,0.9780092835426332,0.5378934144973755,0.4605763554573059,-0.1195641979575157,0.937484085559845,0.5092287659645081,0.4508938491344452,-0.1656839549541473,0.9832981824874878,0.5392175316810608,0.446076363325119,-0.1450009942054748,0.9059144854545592,0.5163902640342712,0.441365510225296,-0.1871586740016937,0.9723663330078124,0.5373168587684631,0.4406366944313049,-0.1408371776342392,0.908957839012146,0.5171847939491272,0.4337151050567627,-0.1884616166353225,0.9703835248947144,0.5347504019737244,0.4451315999031067,-0.122604139149189,0.8870576024055481,0.5145705342292786,0.4365030229091644,-0.1647953391075134,0.9582939743995668,0.5182674527168274,0.5798900127410889,0.0310905762016773,0.9977495670318604,0.4892626404762268,0.5790807008743286,-0.0310610700398683,0.9972966313362122,0.5088757872581482,0.7033315896987915,0.0224478542804718,0.8985365629196167,0.4887213706970215,0.7018066048622131,-0.0355845913290977,0.9708256125450134,0.5040660500526428,0.8124998807907104,0.1172804161906242,0.9196504354476928,0.4891194999217987,0.8189336061477661,0.0507073812186718,0.9561145305633544,0.4995267987251282,0.8272167444229126,0.1228599548339843,0.8651489615440369,0.4859034419059753,0.8348836302757263,0.0551123805344104,0.7740606069564819,0.5216321349143982,0.8452895283699036,0.0580939576029777,0.9367916584014891,0.5067988038063049,0.851897656917572,-0.0266763027757406,0.9481285214424132
0.509690523147583,0.374689370393753,-0.0810761228203773,0.999805510044098,0.5103000402450562,0.3649540245532989,-0.0677579268813133,0.9996992349624634,0.5113660097122192,0.3652935028076172,-0.0677740573883056,0.9996123313903807,0.5124902725219727,0.3656095862388611,-0.0677733868360519,0.9996164441108704,0.5056236982345581,0.3627616465091705,-0.0785563737154007,0.9996657967567444,0.5035261511802673,0.3617880046367645,-0.0785569176077842,0.9996259212493896,0.5010464191436768,0.3610119223594665,-0.0786008983850479,0.9996694326400756,0.5092208385467529,0.3685858845710754,0.0101969921961426,0.9988985061645508,0.4931422173976898,0.3643237054347992,-0.0390965975821018,0.9997010827064514,0.5099591016769409,0.3854266703128814,-0.0507596991956234,0.9997550249099731,0.5044809579849243,0.3839244842529297,-0.0650290697813034,0.9998549818992616,0.5185851454734802,0.4309359490871429,0.06650922447443,0.9996798038482666,0.4733158648014068,0.4204820394515991,-0.0331729501485824,0.9998438954353333,0.530624270439148,0.4992373287677765,0.0158456228673458,0.8060385584831238,0.4749062657356262,0.4987350404262543,-0.0979264825582504,0.9796484708786012,0.5373836159706116,0.4582750797271728,-0.1187570616602897,0.9396105408668518,0.5091578364372253,0.4503939151763916,-0.1618992239236831,0.9845403432846068,0.5390391945838928,0.4446086883544922,-0.1445968598127365,0.9077260494232178,0.5163866281509399,0.4417528510093689,-0.1826054602861404,0.9739064574241638,0.5372925400733948,0.4389494955539703,-0.1413352042436599,0.9103859663009644,0.5171957612037659,0.4332888126373291,-0.18302883207798,0.971927523612976,0.5346623659133911,0.4430380463600158,-0.1223283857107162,0.8884983062744141,0.5145493149757385,0.4357456564903259,-0.1606876999139785,0.9599931836128236,0.5182832479476929,0.5797909498214722,0.0308848265558481,0.9976820945739746,0.4893093407154083,0.5783926248550415,-0.030847804620862,0.9972190260887146,0.5088799595832825,0.7033057808876038,0.0220035631209611,0.8967992663383484,0.4887210428714752,0.70180743932724,-0.0356069877743721,0.9695971608161926,0.5040695667266846,0.8123987317085266,0.1158673241734504,0.9170639514923096,0.4891213178634643,0.8189508318901062,0.0500059090554714,0.9541537165641784,0.4995507001876831,0.8270444273948669,0.1213899478316307,0.8597657680511475,0.485909640789032,0.8349213600158691,0.0543302707374095,0.7682432532310486,0.5216351747512817,0.8453498482704163,0.0565894059836864,0.9350746870040894,0.5068444013595581,0.8519644141197205,-0.0279089231044054,0.9462353587150574
0.5093230605125427,0.3745425641536712,-0.0789387375116348,0.99979829788208,0.5099981427192688,0.3646394908428192,-0.0653649196028709,0.9996936321258544,0.5110399127006531,0.3649052381515503,-0.0653817802667617,0.9996058940887452,0.5121324062347412,0.3651894330978393,-0.0653827339410781,0.9996135830879213,0.5052785277366638,0.3626905083656311,-0.0757450684905052,0.999655544757843,0.5031898617744446,0.3617676198482513,-0.0757449343800544,0.9996137022972108,0.5005985498428345,0.3610031604766845,-0.0757866129279136,0.9996600151062012,0.5089535117149353,0.3682365119457245,0.0132453432306647,0.998908519744873,0.4925654530525207,0.3642610013484955,-0.0339799150824546,0.9996938109397888,0.509537398815155,0.3851051926612854,-0.0484154596924781,0.9997521042823792,0.5041619539260864,0.383838951587677,-0.062094010412693,0.9998499155044556,0.5186243653297424,0.4308729469776153,0.0681767612695694,0.9996683597564696,0.4732803702354431,0.4201450943946838,-0.0295868869870901,0.9998391270637512,0.530410647392273,0.4996789991855621,0.0131897367537021,0.8095680475234985,0.4751016497611999,0.4987161159515381,-0.093593381345272,0.9810436964035034,0.5362492799758911,0.457850843667984,-0.1248443871736526,0.9417020678520204,0.5091208219528198,0.448937177658081,-0.14767986536026,0.9855657815933228,0.5387031435966492,0.4440295100212097,-0.1517527103424072,0.9096879959106444,0.5164673924446106,0.4403624236583709,-0.1666388809680938,0.9750317931175232,0.537206768989563,0.4382171034812927,-0.1485754400491714,0.9119980931282043,0.5172844529151917,0.4319408237934112,-0.1637227535247802,0.9730185866355896,0.5343790054321289,0.442207396030426,-0.1285523772239685,0.8902196288108826,0.5146039724349976,0.4344616234302521,-0.1458519846200943,0.9610847234725952,0.5182885527610779,0.5794392824172974,0.0306046977639198,0.997654914855957,0.4893217384815216,0.5774564146995544,-0.0305596310645341,0.9971736669540404,0.508882999420166,0.7033288478851318,0.0205181296914815,0.8950506448745728,0.4887087643146515,0.7017925977706909,-0.0356771573424339,0.9684461951255798,0.504062831401825,0.8123926520347595,0.114957571029663,0.9146830439567566,0.4891047775745392,0.8189983367919922,0.050106156617403,0.9519989490509032,0.4995536506175995,0.8270073533058167,0.1205519065260887,0.8541109561920166,0.4858880341053009,0.8349781632423401,0.0544605888426303,0.761255145072937,0.5216113328933716,0.8454707264900208,0.0550593547523021,0.933139145374298,0.5068526864051819,0.8520990610122681,-0.0279777850955724,0.9440964460372924
0.5088985562324524,0.3743289113044739,-0.078113816678524,0.9997865557670592,0.5097095370292664,0.3642767369747162,-0.0643639415502548,0.9996829032897948,0.5107648968696594,0.3644760549068451,-0.0643816590309143,0.9995936155319214,0.5118647217750549,0.3647256791591644,-0.0643825456500053,0.9996046423912048,0.5049024820327759,0.3625573217868805,-0.0742665901780128,0.9996371269226074,0.5027844309806824,0.3617021739482879,-0.07426667958498,0.9995921850204468,0.5000913739204407,0.3609594702720642,-0.0743053033947944,0.9996423125267028,0.5088628530502319,0.3678798079490661,0.0148156369104981,0.9989036917686462,0.492108404636383,0.3641694784164428,-0.0299922488629817,0.999678909778595,0.509136438369751,0.3847828805446625,-0.047454472631216,0.9997439384460448,0.5038167834281921,0.3837315142154693,-0.0604557730257511,0.9998403787612916,0.5187673568725586,0.4308294355869293,0.0681587383151054,0.9996516108512878,0.4732581675052643,0.4200836420059204,-0.0255373138934373,0.999831199645996,0.5300379395484924,0.5002928972244263,0.0072955917567014,0.8109328150749207,0.475490003824234,0.4986768960952759,-0.0837276130914688,0.9822058081626892,0.5342887043952942,0.458351731300354,-0.1352623999118805,0.942743957042694,0.5092238783836365,0.4481509923934936,-0.1314190477132797,0.9863503575325012,0.5374969244003296,0.4447642564773559,-0.1634670048952102,0.9102711081504822,0.5165950059890747,0.4391470551490783,-0.1496623158454895,0.975691854953766,0.5364765524864197,0.4386031329631805,-0.1610348671674728,0.9122719764709472,0.5173519253730774,0.4311476349830627,-0.1467569172382354,0.9736085534095764,0.5333667993545532,0.4427611231803894,-0.1393219381570816,0.8904565572738647,0.5146701335906982,0.433878630399704,-0.1296807676553726,0.961498200893402,0.518293559551239,0.5793863534927368,0.0296858549118042,0.9976367354393004,0.4893223643302917,0.5770753026008606,-0.0296292323619127,0.9971414804458618,0.5088862180709839,0.7033584713935852,0.0182258803397417,0.8944034576416016,0.4886735379695892,0.7017943263053894,-0.0355802588164806,0.9678656458854676,0.5040603280067444,0.812369704246521,0.1147719472646713,0.9132396578788756,0.4891016185283661,0.8190021514892578,0.0517035610973835,0.9505234360694884,0.4995572865009308,0.8269162178039551,0.1205121800303459,0.8494138717651367,0.4858914315700531,0.8350006937980652,0.0562788099050521,0.7548046112060547,0.5215144157409668,0.8455274701118469,0.0542619973421096,0.931693434715271,0.506831705570221,0.8522131443023682,-0.0267928224056959,0.9425272345542908
0.508675217628479,0.374161034822464,-0.0793441757559776,0.9997731447219848,0.5095322132110596,0.364033579826355,-0.0654365941882133,0.999668300151825,0.5105859041213989,0.3641894459724426,-0.0654538422822952,0.9995768666267396,0.5116711258888245,0.3644123375415802,-0.0654533132910728,0.9995903372764589,0.5047076344490051,0.3624535799026489,-0.0750899091362953,0.9996155500411988,0.5025604963302612,0.3616464138031006,-0.0750892609357833,0.999567687511444,0.4998126626014709,0.3609174787998199,-0.0751264318823814,0.9996216297149658,0.5087352395057678,0.367695152759552,0.0138799948617815,0.9988817572593688,0.4917885661125183,0.3641114830970764,-0.0297093465924263,0.9996592402458192,0.508859395980835,0.3845909237861633,-0.0487331561744213,0.999731719493866,0.5035746097564697,0.383667916059494,-0.0614726319909095,0.9998294711112976,0.5188358426094055,0.4309329688549042,0.0667971596121788,0.9996260404586792,0.4730785191059112,0.4202490746974945,-0.0237994398921728,0.9998214840888976,0.5293594002723694,0.5025118589401245,0.0014409520663321,0.8128642439842224,0.4755296111106872,0.4987460076808929,-0.0795119926333427,0.9832636713981628,0.5322117209434509,0.4575574100017547,-0.1407746225595474,0.943766176700592,0.5092256665229797,0.4482769966125488,-0.1273058950901031,0.9870504140853882,0.5360329151153564,0.4442117214202881,-0.1691358238458633,0.9108064770698548,0.5167217254638672,0.43905970454216,-0.145341619849205,0.9762231111526488,0.5352065563201904,0.4379606246948242,-0.1665280163288116,0.91249281167984,0.5174345970153809,0.4310968518257141,-0.1421475410461425,0.9740588068962096,0.5319047570228577,0.4419050216674804,-0.1446692049503326,0.8906092047691345,0.5146836638450623,0.4339111745357513,-0.1254462003707885,0.961745023727417,0.5182978510856628,0.5793862342834473,0.0284444261342287,0.99759441614151,0.4893063306808471,0.5770068168640137,-0.0283839367330074,0.9970898032188416,0.5088858008384705,0.7033717036247253,0.0162729527801275,0.8936026692390442,0.488636314868927,0.7017956972122192,-0.0350183099508285,0.9671002626419068,0.5040429830551147,0.8123695850372314,0.11460542678833,0.9116321206092834,0.4891057312488556,0.8190059661865234,0.0543931014835834,0.9487581253051758,0.4995597004890442,0.8269001841545105,0.1204831376671791,0.8444057703018188,0.4859112203121185,0.835006058216095,0.0591511502861976,0.747816801071167,0.5213863849639893,0.845633327960968,0.0537746287882328,0.9300820231437684,0.5068119764328003,0.8522852063179016,-0.0243446063250303,0.9406340718269348
0.508461594581604,0.3740485608577728,-0.080456830561161,0.9997567534446716,0.5093902349472046,0.3637909591197967,-0.0666328147053718,0.9996495246887208,0.5104503631591797,0.3639102578163147,-0.0666499957442283,0.9995558857917786,0.5115322470664978,0.3641049563884735,-0.0666486099362373,0.9995705485343932,0.5045192837715149,0.3623585999011993,-0.0764039382338523,0.9995881915092468,0.5023118257522583,0.3615969717502594,-0.0764032527804374,0.9995369911193848,0.4995017945766449,0.3608891069889068,-0.0764388665556907,0.9995946884155272,0.5087094902992249,0.3675131201744079,0.0128881521522998,0.9988502264022828,0.4914960861206054,0.3641010522842407,-0.029537396505475,0.9996328949928284,0.5086387991905212,0.384468138217926,-0.0496947951614856,0.9997168779373168,0.5033723711967468,0.3836503326892853,-0.0626918002963066,0.9998164176940918,0.5189738869667053,0.4309568703174591,0.0640351399779319,0.999600887298584,0.4729328751564026,0.4207384884357452,-0.0214903634041547,0.99981027841568,0.5289109945297241,0.5033749938011169,-0.0014932578196749,0.8143688440322876,0.4754877984523773,0.4988047182559967,-0.0740350559353828,0.9841864109039308,0.5313323736190796,0.4584549367427826,-0.1456984728574752,0.94412761926651,0.5092142820358276,0.4484907388687134,-0.1228261068463325,0.987619161605835,0.534915566444397,0.4457709789276123,-0.1747398823499679,0.9104509353637696,0.5167558193206787,0.4397529363632202,-0.1410157531499862,0.9765504598617554,0.534326434135437,0.4393225014209747,-0.1727634072303772,0.9118834137916564,0.5174785852432251,0.4315519034862518,-0.1381928324699401,0.9743011593818665,0.5307819247245789,0.4430038630962372,-0.1498232334852218,0.8897818922996521,0.5146895051002502,0.434194266796112,-0.1211241409182548,0.9617209434509276,0.5183023810386658,0.5794568657875061,0.0271686408668756,0.9975488185882568,0.4892792403697967,0.5770178437232971,-0.0271030291914939,0.997040331363678,0.5088821053504944,0.7033886313438416,0.0148894898593425,0.8938960433006287,0.4886066019535064,0.7017980217933655,-0.0340282209217548,0.9669122695922852,0.504030168056488,0.8123684525489807,0.1148274466395378,0.9113078117370604,0.489111065864563,0.8190042972564697,0.0577785968780517,0.947936236858368,0.4995671212673187,0.8268843293190002,0.1207155659794807,0.8413925766944885,0.4859298467636108,0.8349881768226624,0.0626507475972175,0.7430683970451355,0.5213286876678467,0.8456407189369202,0.0532862469553947,0.9293818473815918,0.5067673325538635,0.8522989749908447,-0.0217687971889972,0.9396468997001648
0.5084123015403748,0.3737891912460327,-0.0810555145144462,0.9997424483299256,0.5093342661857605,0.3634550273418426,-0.0671569854021072,0.9996337890625,0.5104010701179504,0.3635857701301574,-0.0671740695834159,0.9995375871658324,0.5114937424659729,0.3638075590133667,-0.0671717822551727,0.9995532035827636,0.5044375061988831,0.3621751070022583,-0.076529249548912,0.9995673894882202,0.5022175908088684,0.3614870905876159,-0.0765289068222045,0.9995142221450806,0.499401718378067,0.3608192205429077,-0.0765639245510101,0.9995762705802916,0.5087087154388428,0.3674117624759674,0.012426252476871,0.9988137483596802,0.4914408326148987,0.3640919029712677,-0.0285680349916219,0.9996152520179749,0.5086129307746887,0.3842541873455047,-0.0503217689692974,0.9997018575668336,0.503320574760437,0.3835668265819549,-0.0628300160169601,0.999806582927704,0.519065797328949,0.4313567280769348,0.0632331073284149,0.9995645880699158,0.4729032218456268,0.4213436245918274,-0.0202452670782804,0.9998018741607666,0.5283564329147339,0.5039814710617065,-0.0019448064267635,0.8132505416870117,0.4748462438583374,0.4989576041698456,-0.0727483183145523,0.98509019613266,0.5306798219680786,0.4588208198547363,-0.1457726210355758,0.9433923363685608,0.5086620450019836,0.4493646323680877,-0.122326023876667,0.9881636500358582,0.5341643691062927,0.445953220129013,-0.1747097820043563,0.9085882306098938,0.5166611075401306,0.4410450160503387,-0.1405363380908966,0.9768954515457152,0.5335499048233032,0.4397171139717102,-0.172647938132286,0.9097591638565063,0.5174400210380554,0.4326887428760528,-0.1375150084495544,0.9745751619338988,0.5299134850502014,0.4432599246501922,-0.1498916894197464,0.8872403502464294,0.5145686268806458,0.4351877272129059,-0.1205455809831619,0.961789608001709,0.5183176398277283,0.5796859860420227,0.0270198322832584,0.9975047707557678,0.489273726940155,0.577026903629303,-0.0269583258777856,0.9969962239265442,0.5088579654693604,0.7033981084823608,0.0148544926196336,0.8943635821342468,0.4885293245315552,0.7018159031867981,-0.0337854586541652,0.9670279026031494,0.5040070414543152,0.8123713731765747,0.1150175780057907,0.9115514159202576,0.4891040921211242,0.8190011382102966,0.0581714250147342,0.9475762844085692,0.4995675384998321,0.826927900314331,0.1208394840359687,0.8395404815673828,0.4859203994274139,0.8349908590316772,0.0630425736308097,0.7393501400947571,0.5212542414665222,0.8457157611846924,0.0534168072044849,0.9291957020759584,0.5067028403282166,0.8523194193840027,-0.02136498875916,0.9391324520111084
0.5083354711532593,0.3736030459403991,-0.0814471393823623,0.9997339248657228,0.5092666745185852,0.363247811794281,-0.0675028637051582,0.9996252655982972,0.5103352665901184,0.3634041845798492,-0.067519761621952,0.9995275735855104,0.511427640914917,0.3636611402034759,-0.0675169453024864,0.999544322490692,0.5043596625328064,0.3620249629020691,-0.0767341926693916,0.9995565414428712,0.5021322965621948,0.3613763749599457,-0.0767338201403617,0.9995023012161256,0.4993232190608978,0.3607281446456909,-0.0767681300640106,0.9995666742324828,0.5086862444877625,0.3673795461654663,0.0121184419840574,0.9987969398498536,0.4914064109325409,0.3640574216842651,-0.028728000819683,0.9996042251586914,0.5085580945014954,0.3840839266777038,-0.0507151260972023,0.9996932148933412,0.5032402276992798,0.3834819197654724,-0.0631148442625999,0.9998008608818054,0.5190800428390503,0.4318281710147857,0.0625950843095779,0.9995333552360536,0.4728709161281585,0.4218287467956543,-0.0205722618848085,0.999794602394104,0.5281297564506531,0.5043326616287231,-0.002655568299815,0.8134369254112244,0.4743514358997345,0.4991158246994018,-0.0752842724323272,0.9858609437942504,0.5308127403259277,0.4587821662425995,-0.1460612267255783,0.943087875843048,0.508029043674469,0.4500273168087005,-0.1282262951135635,0.9886260032653807,0.5339397192001343,0.4459186792373657,-0.1748536974191665,0.9073611497879028,0.5164125561714172,0.4418892562389374,-0.1469337195158004,0.977163791656494,0.533197820186615,0.4398460686206817,-0.172600656747818,0.908286154270172,0.5172746181488037,0.4334979355335235,-0.1440733969211578,0.9747706055641174,0.5298062562942505,0.4433618187904358,-0.1500530540943145,0.8853963017463684,0.5143263936042786,0.4359305202960968,-0.126553788781166,0.9617614150047302,0.5183318853378296,0.5798488855361938,0.0271924026310443,0.9974648356437684,0.4892759323120117,0.5770497918128967,-0.0271345376968383,0.9969564080238342,0.5088582038879395,0.7034047842025757,0.0154600348323583,0.8938083648681641,0.4885141551494598,0.7018088698387146,-0.0338069014251232,0.9669864177703856,0.5039625763893127,0.812371551990509,0.1150672435760498,0.911036729812622,0.4890795946121216,0.8189988732337952,0.0576675459742546,0.9471148252487184,0.4995396733283996,0.8269510865211487,0.1209075972437858,0.8375370502471924,0.4858510196208954,0.8349927663803101,0.0624741427600383,0.7363232374191284,0.5211864709854126,0.8457651734352112,0.0536517649888992,0.9286400079727172,0.5066486597061157,0.8523303270339966,-0.0216913893818855,0.9385364651679992
0.5082136392593384,0.3735446333885193,-0.0810895636677742,0.9997205138206482,0.5091802477836609,0.3631589710712433,-0.0670633465051651,0.999609649181366,0.5102575421333313,0.3633241355419159,-0.0670799985527992,0.999508261680603,0.5113489627838135,0.3635950684547424,-0.0670771598815918,0.999526858329773,0.5042626261711121,0.3619675934314728,-0.0757780820131301,0.9995383024215698,0.5020190477371216,0.3613385856151581,-0.0757774636149406,0.9994820952415466,0.4992218911647796,0.360701709985733,-0.0758114010095596,0.9995510578155518,0.5086588263511658,0.3673703372478485,0.012227302417159,0.998755931854248,0.4913489520549774,0.3640513718128204,-0.0268996134400367,0.99958735704422,0.508480429649353,0.3840369284152984,-0.0506276339292526,0.9996770024299622,0.5031366944313049,0.3834694623947143,-0.0623069889843463,0.9997910261154176,0.5190809965133667,0.4323349893093109,0.0620554089546203,0.9994915127754213,0.4728722274303436,0.4221473336219787,-0.0188660938292741,0.999785840511322,0.5280118584632874,0.5042946934700012,-0.0051863309927284,0.8128856420516968,0.4737591743469238,0.4992066025733948,-0.0741945430636406,0.9865309596061708,0.5303378701210022,0.458149254322052,-0.1477204859256744,0.942070245742798,0.5074629783630371,0.4504489600658417,-0.1277053356170654,0.9889692664146424,0.532840371131897,0.4454883337020874,-0.1764473617076873,0.905047595500946,0.5161266922950745,0.4424095153808594,-0.1463406533002853,0.977192223072052,0.5321292281150818,0.4392415881156921,-0.1734905838966369,0.905656397342682,0.5170319676399231,0.4340600371360779,-0.1431168466806411,0.974703013896942,0.5289321541786194,0.4430215060710907,-0.1513946056365966,0.8822646141052246,0.5140045285224915,0.4364436864852905,-0.1259796917438507,0.9613880515098572,0.5183538794517517,0.5800207853317261,0.027148125693202,0.9974253177642822,0.4892774522304535,0.5770741105079651,-0.0270950477570295,0.9969215393066406,0.5088480114936829,0.703416109085083,0.0155773730948567,0.8931398391723633,0.4884993731975555,0.7018060684204102,-0.0337057672441005,0.9669883847236632,0.5039498805999756,0.8123691082000732,0.115068718791008,0.9103741645812988,0.4890736937522888,0.8189769387245178,0.0573120601475238,0.9467183947563172,0.4995361566543579,0.8269516825675964,0.1209512650966644,0.8350921869277954,0.4858390688896179,0.83497154712677,0.0620843656361103,0.7330915331840515,0.5211461782455444,0.8457943201065063,0.0536779314279556,0.927977442741394,0.5065913200378418,0.8523659110069275,-0.0218221768736839,0.9379558563232422
0.5080523490905762,0.3734954595565796,-0.0812644660472869,0.9997103810310364,0.5090917348861694,0.3630907535552978,-0.0672494247555732,0.9995973706245422,0.5101822018623352,0.3632716238498688,-0.0672660619020462,0.999492645263672,0.5112735629081726,0.3635604083538055,-0.0672628507018089,0.9995121955871582,0.504155695438385,0.3619115054607391,-0.075844258069992,0.999525249004364,0.5018822550773621,0.3612940013408661,-0.0758435577154159,0.9994677305221558,0.4990929365158081,0.360661506652832,-0.0758772566914558,0.9995406866073608,0.5086504220962524,0.3673624396324157,0.0120559614151716,0.9987220168113708,0.4912731051445007,0.3640240728855133,-0.0265292171388864,0.9995746612548828,0.508369505405426,0.384009838104248,-0.0508167557418346,0.999664306640625,0.5029987096786499,0.3834562301635742,-0.0623193308711051,0.9997841715812684,0.5190746188163757,0.4324670433998108,0.0615999028086662,0.9994563460350036,0.4728716313838959,0.4222410321235657,-0.0172565877437591,0.9997793436050416,0.5279546976089478,0.5041537284851074,-0.004640104714781,0.8135346174240112,0.4731636941432953,0.4997723698616028,-0.0720854252576828,0.9871605634689332,0.5302978157997131,0.4578349590301513,-0.1472328603267669,0.9415037631988524,0.5068256855010986,0.4507367312908172,-0.1282664686441421,0.9893639087677002,0.5325548052787781,0.4452227056026459,-0.1759640574455261,0.9034724831581116,0.5158933997154236,0.4427646398544311,-0.1471569985151291,0.9774613976478576,0.5316154956817627,0.4388167858123779,-0.1732141524553299,0.9037938117980956,0.5168666243553162,0.4344243109226227,-0.1440172493457794,0.9749264717102052,0.5285349488258362,0.442743182182312,-0.1509303003549575,0.8800138235092163,0.5137410163879395,0.4367704689502716,-0.1266031116247177,0.961471438407898,0.5183612108230591,0.5800256133079529,0.0269954707473516,0.9973831176757812,0.4892789423465729,0.5770828723907471,-0.0269466955214738,0.9968884587287904,0.5088170170783997,0.7034169435501099,0.0152492336928844,0.8931646347045898,0.4884930849075317,0.7017553448677063,-0.0337410904467105,0.9672059416770936,0.5039390325546265,0.8123632669448853,0.1145546585321426,0.9102877378463744,0.4890684187412262,0.8189576864242554,0.0568336322903633,0.9468225836753844,0.4995349049568176,0.826951265335083,0.1204495131969451,0.8335569500923157,0.4858253300189972,0.834967851638794,0.0615248754620552,0.7316415905952454,0.521129310131073,0.8458674550056458,0.0529330410063266,0.927781581878662,0.5065825581550598,0.8524162769317627,-0.0223897136747837,0.9378730058670044
0.5079312920570374,0.3734313547611236,-0.0813119262456893,0.9997097849845886,0.5090272426605225,0.3630082011222839,-0.067342609167099,0.9995986819267272,0.5101304650306702,0.3632001876831054,-0.0673592910170555,0.9994939565658568,0.5112264752388,0.3635043799877167,-0.0673566609621048,0.999513566493988,0.5040730237960815,0.361851692199707,-0.0761311128735542,0.9995261430740356,0.5017741918563843,0.3612458109855652,-0.0761303529143333,0.9994685649871826,0.4989883601665497,0.3606174886226654,-0.0761638507246971,0.9995425343513488,0.508651077747345,0.3673580288887024,0.0119353076443076,0.9987290501594543,0.491205483675003,0.3639897108078003,-0.0265904124826192,0.999575138092041,0.5082911849021912,0.3839757144451141,-0.0508734360337257,0.9996635913848876,0.5028945207595825,0.3834367394447326,-0.0625395774841308,0.9997841119766236,0.5190610289573669,0.4324855804443359,0.0616888403892517,0.9994449019432068,0.4728627800941467,0.4222394227981567,-0.0164756644517183,0.9997763633728028,0.527924120426178,0.5039560198783875,-0.0035480016376823,0.8152220249176025,0.4729577898979187,0.5008582472801208,-0.0706240311264991,0.9877392053604126,0.5304599404335022,0.4579047560691833,-0.1485886573791504,0.9419366717338562,0.5063506960868835,0.4509181976318359,-0.1280965954065323,0.9897918105125428,0.532581090927124,0.4453400373458862,-0.1778475940227508,0.9035813808441162,0.5155919194221497,0.442990094423294,-0.1471648514270782,0.9779175519943236,0.5316426157951355,0.4390989542007446,-0.1754814237356186,0.903704822063446,0.5165594816207886,0.4346137940883636,-0.1442707031965255,0.9753814339637756,0.5286527872085571,0.4428285360336303,-0.1524943262338638,0.8798300623893738,0.5134105682373047,0.4369130134582519,-0.1265287548303604,0.9619486927986144,0.5183718800544739,0.5798903703689575,0.0269886311143636,0.9973856806755066,0.4892807900905609,0.5769473314285278,-0.0269417073577642,0.9968944787979126,0.5088104009628296,0.7034146785736084,0.0150766037404537,0.8938899040222168,0.4884966313838959,0.701642632484436,-0.0338402278721332,0.967534601688385,0.5039255023002625,0.8123610615730286,0.1146268174052238,0.910786747932434,0.4890684485435486,0.8189183473587036,0.0566738583147525,0.9472084641456604,0.4995337128639221,0.8269519805908203,0.1205292642116546,0.8329126238822937,0.4858242869377136,0.8349286317825317,0.0613606460392475,0.730884850025177,0.5211040377616882,0.8459287881851196,0.0528804399073123,0.9280474185943604,0.5065641403198242,0.8524397015571594,-0.0228260364383459,0.9381757378578186
0.5078376531600952,0.3734253644943237,-0.0814480558037757,0.9997078776359558,0.5089772343635559,0.3629977703094482,-0.0674429386854171,0.9995993375778198,0.5100910067558289,0.3631933629512787,-0.067459836602211,0.9994940161705016,0.5111891627311707,0.3635013401508331,-0.0674567371606826,0.9995134472846984,0.5040015578269958,0.3618409931659698,-0.0762249305844307,0.999526023864746,0.50167316198349,0.3612370491027832,-0.0762243121862411,0.9994683861732484,0.4988883733749389,0.3606083989143371,-0.0762570276856422,0.9995442032814026,0.5086460709571838,0.3673516809940338,0.0122299147769808,0.9987277388572692,0.491115540266037,0.3639772534370422,-0.0266737397760152,0.999578058719635,0.5082091689109802,0.3839671313762665,-0.0509410426020622,0.9996612071990968,0.5028083324432373,0.3834303319454193,-0.0625325068831443,0.9997835755348206,0.5190156102180481,0.4326498210430145,0.0626837238669395,0.9994240999221802,0.472829133272171,0.4224255681037903,-0.016855027526617,0.9997745156288148,0.5276661515235901,0.5038810968399048,-0.0029860010836273,0.8122235536575317,0.4728976786136627,0.5017245411872864,-0.066780649125576,0.988258957862854,0.5303623080253601,0.4581248760223388,-0.152279645204544,0.9405535459518432,0.5060839653015137,0.4510516822338104,-0.1160399913787841,0.9901099801063538,0.5320185422897339,0.44550621509552,-0.1822598576545715,0.9013009667396544,0.5154739618301392,0.4431529939174652,-0.134110152721405,0.9781420826911926,0.5314592123031616,0.4393923580646515,-0.179979607462883,0.9012430906295776,0.5164318680763245,0.4347753822803497,-0.1317136883735656,0.9755814671516418,0.5283927917480469,0.4430575370788574,-0.1564718931913375,0.877013623714447,0.5132375955581665,0.4370576441287994,-0.1144066080451011,0.962077021598816,0.5183776021003723,0.579816460609436,0.0270104296505451,0.9973806738853456,0.4892936944961548,0.5769330859184265,-0.0269644651561975,0.9968973398208618,0.5088054537773132,0.7034311890602112,0.0152432024478912,0.8943882584571838,0.4884952306747436,0.7016218900680542,-0.033974565565586,0.9679768681526184,0.5039169788360596,0.8123603463172913,0.1153363361954689,0.911237359046936,0.4890668094158172,0.8189031481742859,0.0565534308552742,0.9476423859596252,0.4995321333408355,0.8269544243812561,0.1213756501674652,0.8326851725578308,0.4858202040195465,0.8349238634109497,0.0612186454236507,0.7301992774009705,0.521101176738739,0.8460361957550049,0.0534487031400203,0.9282630085945128,0.506561279296875,0.8525016903877258,-0.0228492692112922,0.9385040402412416
0.507804811000824,0.373414546251297,-0.0817825645208358,0.9997024536132812,0.5089595317840576,0.362983763217926,-0.067655436694622,0.9995946884155272,0.5100758075714111,0.3631839752197265,-0.0676725432276725,0.9994874596595764,0.5111744999885559,0.3634960055351257,-0.0676686614751815,0.9995065927505492,0.50397789478302,0.3618220388889313,-0.0762791410088539,0.9995204210281372,0.5016428232192993,0.3612192571163177,-0.0762790068984031,0.999462366104126,0.4988555014133453,0.3605856299400329,-0.0763117969036102,0.9995410442352296,0.5086405873298645,0.3673464655876159,0.0121676111593842,0.9987093210220336,0.4910745620727539,0.3639456629753113,-0.027148563414812,0.9995760321617126,0.508165180683136,0.3839625120162964,-0.0511654950678348,0.9996547102928162,0.502767026424408,0.3834240138530731,-0.0625585094094276,0.9997808337211608,0.519011378288269,0.4329027533531189,0.06270132958889,0.9993932843208312,0.4727937281131744,0.422546923160553,-0.0174649450927972,0.9997712969779968,0.5274431109428406,0.5038590431213379,-0.0031891637481749,0.8085675239562988,0.4728550016880035,0.5021631717681885,-0.0669092386960983,0.9887164235115052,0.5302451848983765,0.4582500457763672,-0.152773231267929,0.938740611076355,0.5059527158737183,0.4511215090751648,-0.1155989021062851,0.9903858304023744,0.5318829417228699,0.4454371333122253,-0.1825805455446243,0.8984253406524658,0.5154306888580322,0.4432642757892608,-0.1336511969566345,0.9783034324645996,0.5314972400665283,0.4394452273845672,-0.1803404688835144,0.8981976509094238,0.5163969397544861,0.434885174036026,-0.1311161667108535,0.9757131338119508,0.5283032059669495,0.4430311322212219,-0.157007947564125,0.8735344409942627,0.513160765171051,0.4371505677700043,-0.1139085069298744,0.962109923362732,0.5183801054954529,0.5798166394233704,0.0270733498036861,0.9973554015159608,0.4892953634262085,0.5769443511962891,-0.0270273778587579,0.9968828558921814,0.5087994337081909,0.7034438252449036,0.015192118473351,0.8951587677001953,0.4884945452213287,0.7015959024429321,-0.0339981876313686,0.9683719873428344,0.5039160251617432,0.8123561143875122,0.1161891222000122,0.9118990898132324,0.4890662133693695,0.8189011216163635,0.0566731914877891,0.9480894207954408,0.4995374679565429,0.8269526362419128,0.1223726272583007,0.8322665691375732,0.4858218133449554,0.8349289894104004,0.0614106208086013,0.7297071218490601,0.5211001038551331,0.8460808396339417,0.0539019703865051,0.9285898804664612,0.5065566301345825,0.8525684475898743,-0.0228773411363363,0.9388636350631714
0.5077747702598572,0.3734081983566284,-0.0829907432198524,0.9996991157531738,0.5089448690414429,0.3629786372184753,-0.0686689391732215,0.9995930790901184,0.5100633502006531,0.3631788790225982,-0.0686872452497482,0.9994851350784302,0.5111624002456665,0.3634912967681885,-0.0686820894479751,0.9995037913322448,0.5039547681808472,0.3618145585060119,-0.0772739499807357,0.999517023563385,0.5016099810600281,0.3612098395824432,-0.0772736594080925,0.9994585514068604,0.498817503452301,0.3605700135231018,-0.0773055851459503,0.9995386004447936,0.5086396932601929,0.3673419058322906,0.0118188662454485,0.9987007975578308,0.4910303652286529,0.3639130294322967,-0.0272620804607868,0.9995745420455932,0.5081202983856201,0.3839556276798248,-0.0521587841212749,0.9996510744094848,0.5027197003364563,0.3834182322025299,-0.0634729340672493,0.9997791647911072,0.5190206170082092,0.433051586151123,0.0626686960458755,0.9993721842765808,0.4727362990379333,0.422768622636795,-0.0179730895906686,0.9997681379318236,0.5272451043128967,0.5042195320129395,-0.0033810397144407,0.8049803972244263,0.4728395342826843,0.5026290416717529,-0.0680221617221832,0.989144504070282,0.5301626324653625,0.4589059352874756,-0.1542294323444366,0.9374735355377196,0.5058965682983398,0.4510375261306762,-0.1168258190155029,0.9906596541404724,0.5320007801055908,0.4454996287822723,-0.184226781129837,0.8964847922325134,0.5154383182525635,0.4432916939258575,-0.134914219379425,0.9785236120224,0.5315833687782288,0.439577966928482,-0.1823915839195251,0.8961544632911682,0.5164051055908203,0.4349356293678283,-0.1323745846748352,0.9759125709533693,0.5283359885215759,0.4431689083576202,-0.1586665362119674,0.8711845278739929,0.5131446123123169,0.4371711015701294,-0.1151112094521522,0.9622533321380616,0.5183848142623901,0.5798289179801941,0.0271450672298669,0.9973351359367372,0.4892931282520294,0.576985776424408,-0.0270991902798414,0.9968665242195128,0.5087925791740417,0.703535258769989,0.0152321113273501,0.8952952027320862,0.488503098487854,0.7015609741210938,-0.0340121015906333,0.9687251448631288,0.5039102435112,0.8123576641082764,0.1173444688320159,0.9122485518455504,0.4890660345554352,0.818900465965271,0.0567772984504699,0.9483811855316162,0.4995376467704773,0.8269606828689575,0.123566910624504,0.8321817517280579,0.4858204424381256,0.8349294066429138,0.0615587830543518,0.7291978001594543,0.5210926532745361,0.8461247086524963,0.0550133809447288,0.9287188649177552,0.5065551996231079,0.8526342511177063,-0.0228573493659496,0.9390965104103088
0.5077723860740662,0.3733994960784912,-0.084920547902584,0.9997028708457948,0.5089439749717712,0.3629715740680694,-0.0705042630434036,0.9995990991592408,0.5100627541542053,0.3631742000579834,-0.0705231577157974,0.9994918704032898,0.5111622214317322,0.3634895086288452,-0.0705177411437034,0.9995102286338806,0.5039457678794861,0.3618064522743225,-0.0794244557619094,0.9995239973068236,0.5015965700149536,0.3612025082111358,-0.0794223472476005,0.9994659423828124,0.4987996220588684,0.3605632185935974,-0.0794546231627464,0.9995452165603638,0.5086403489112854,0.3673505783081054,0.0102824317291378,0.9987156987190248,0.490992397069931,0.363905519247055,-0.0305881332606077,0.999579668045044,0.5081164836883545,0.3839514553546905,-0.0540599599480629,0.9996541738510132,0.5027071237564087,0.3834119439125061,-0.0658522322773933,0.9997820854187012,0.5189324617385864,0.4333793222904205,0.0621127672493457,0.9993617534637452,0.4726423323154449,0.4230669736862182,-0.0206412114202976,0.999766170978546,0.526948094367981,0.504775881767273,-0.0018930733203887,0.8027053475379944,0.4727716743946075,0.5029923319816589,-0.07732405513525,0.9895371198654176,0.5302234888076782,0.45970419049263,-0.1503877937793731,0.9377558827400208,0.5057896971702576,0.4510324001312256,-0.1374488621950149,0.9910048842430116,0.5324373245239258,0.4456463456153869,-0.1791801005601883,0.8968181610107422,0.5153836607933044,0.4432772696018219,-0.1568602621555328,0.9790186882019044,0.5322299003601074,0.4396053552627563,-0.1784822642803192,0.8964534401893616,0.5163727402687073,0.4349795579910278,-0.1535009890794754,0.97642719745636,0.5290974974632263,0.4431874454021454,-0.155147835612297,0.8713994026184082,0.5130777955055237,0.4372143447399139,-0.1356631815433502,0.9628594517707824,0.5183890461921692,0.579864501953125,0.0272692572325468,0.997324287891388,0.4892885982990265,0.5772532224655151,-0.0272267498075962,0.9968559741973876,0.5087795853614807,0.7035637497901917,0.0167214814573526,0.8953058123588562,0.4885089695453644,0.7015355825424194,-0.0339280478656291,0.9687595963478088,0.5039111971855164,0.8123449087142944,0.1195068061351776,0.9122391939163208,0.4890636205673218,0.8188758492469788,0.057398535311222,0.9483165144920348,0.4995380640029907,0.8269527554512024,0.1257243752479553,0.8315912485122681,0.485819935798645,0.83489990234375,0.062264859676361,0.7281993627548218,0.5210795402526855,0.8461388945579529,0.0576823204755783,0.9286332726478576,0.5065144300460815,0.8526434898376465,-0.0220833681523799,0.9390113949775696
0.5077462792396545,0.3733731508255005,-0.0872533097863197,0.9997051954269408,0.5089360475540161,0.3629270493984222,-0.0727413818240165,0.9996032118797302,0.5100577473640442,0.3631393015384674,-0.0727613046765327,0.9994967579841614,0.5111602544784546,0.3634649515151977,-0.0727555528283119,0.9995147585868835,0.5039206743240356,0.361765444278717,-0.0818230584263801,0.999527871608734,0.501559853553772,0.3611652255058288,-0.0818203538656234,0.999469757080078,0.4987596273422241,0.3605234324932098,-0.081852339208126,0.999547839164734,0.5086427927017212,0.3673478066921234,0.0085578775033354,0.9987269043922424,0.4909461140632629,0.3638716638088226,-0.0330460779368877,0.9995808601379396,0.5080870985984802,0.3839475214481354,-0.0562372989952564,0.9996567368507384,0.502647340297699,0.3834022581577301,-0.0682242587208747,0.9997835755348206,0.5189841985702515,0.4335371553897857,0.0615636818110942,0.999356210231781,0.4725315868854522,0.423574149608612,-0.022975904867053,0.999763548374176,0.5269141793251038,0.5050017833709717,-0.0011199354194104,0.8018957376480103,0.4727720320224762,0.5033407211303711,-0.0814957320690155,0.9898939728736876,0.5309568643569946,0.4622484743595123,-0.1501719653606414,0.9383514523506165,0.5058032274246216,0.4505607783794403,-0.1432790905237198,0.991344690322876,0.5334385633468628,0.4469204843044281,-0.1786252409219741,0.8975258469581604,0.5154106020927429,0.4429171085357666,-0.1629507839679718,0.9795358777046204,0.5333954095840454,0.4404028058052063,-0.177964299917221,0.897161602973938,0.5164202451705933,0.4346502721309662,-0.1594856828451156,0.9769680500030518,0.5303331613540649,0.4443655014038086,-0.1548762321472168,0.872096061706543,0.5130828619003296,0.4368268847465515,-0.1414663940668106,0.9635040163993835,0.5183926820755005,0.5798836350440979,0.02754239551723,0.9973067045211792,0.489288866519928,0.577418863773346,-0.0275014042854309,0.9968370199203492,0.5087754130363464,0.703588604927063,0.0185719709843397,0.8953301310539246,0.4885235726833343,0.7015039920806885,-0.0337009541690349,0.968883752822876,0.5039104223251343,0.812309741973877,0.1219415143132209,0.9126207828521729,0.4890144765377044,0.818835973739624,0.058508101850748,0.9484988451004028,0.4995284974575043,0.8269361853599548,0.1281713843345642,0.8321212530136108,0.4857611954212188,0.8348954319953918,0.0634468421339988,0.7281717658042908,0.5210627913475037,0.8461925983428955,0.0602480955421924,0.928836226463318,0.50645911693573,0.8526630997657776,-0.0211494471877813,0.9391716718673706
0.507739245891571,0.3733657002449035,-0.0868148654699325,0.999709963798523,0.5089312791824341,0.3629209399223327,-0.0720917358994484,0.9996098279953004,0.5100535750389099,0.363138735294342,-0.0721113011240959,0.9995044469833374,0.5111567378044128,0.3634730875492096,-0.0721054598689079,0.999523401260376,0.5039103031158447,0.3617587387561798,-0.0813089609146118,0.9995364546775818,0.5015496015548706,0.3611593246459961,-0.0813048854470253,0.9994786977767944,0.4987474083900451,0.3605190813541412,-0.0813334360718727,0.9995547533035278,0.5086396336555481,0.367382138967514,0.0090904887765645,0.9987509250640868,0.4909310042858124,0.3638651669025421,-0.0329107716679573,0.9995825290679932,0.508081316947937,0.383942186832428,-0.0559642128646373,0.99966299533844,0.5026275515556335,0.3833981454372406,-0.0681973248720169,0.9997865557670592,0.5188930034637451,0.4336895048618316,0.0615788958966732,0.9993659257888794,0.4725041687488556,0.423949122428894,-0.0229593012481927,0.9997593760490416,0.5269061923027039,0.5044811964035034,0.0025529251433908,0.806389331817627,0.4727272093296051,0.5033770799636841,-0.085780568420887,0.9901721477508544,0.5316847562789917,0.4639599919319153,-0.1402902007102966,0.940261960029602,0.5057861804962158,0.4505057632923126,-0.158897116780281,0.9916661977767944,0.5335953831672668,0.449274331331253,-0.1684213727712631,0.9000039100646973,0.5154160857200623,0.4429508447647095,-0.1802323907613754,0.9800960421562196,0.5334166288375854,0.4422467648983001,-0.1677360236644745,0.8996240496635437,0.5164228677749634,0.4346901774406433,-0.1764957159757614,0.9775657653808594,0.5305372476577759,0.446656733751297,-0.1445899307727813,0.874792218208313,0.513088583946228,0.4368547201156616,-0.1572980880737304,0.9642235040664672,0.5183870196342468,0.579706609249115,0.027748666703701,0.9973140954971312,0.4892894625663757,0.5774138569831848,-0.0277136322110891,0.996829867362976,0.5087769627571106,0.7035920023918152,0.0185233075171709,0.895176112651825,0.4885469973087311,0.7014386653900146,-0.0344150885939598,0.9687271118164062,0.503934383392334,0.8123036026954651,0.1215254217386245,0.9123833775520324,0.488999456167221,0.8188329339027405,0.0568683482706546,0.9484363794326782,0.4995394945144653,0.8269336223602295,0.1277752965688705,0.8320215344429016,0.4857476055622101,0.8348925113677979,0.0616717971861362,0.727448582649231,0.521067202091217,0.8462528586387634,0.0597297735512256,0.9284651279449464,0.5064488649368286,0.8526954054832458,-0.0228556301444768,0.9389382600784302
0.5077348947525024,0.3733599483966827,-0.0865415185689926,0.9997165203094482,0.5089274644851685,0.3629164695739746,-0.0719171687960624,0.999618649482727,0.5100497603416443,0.3631415665149688,-0.0719363242387771,0.9995152354240416,0.5111541748046875,0.3634874820709228,-0.0719306170940399,0.999534547328949,0.5039068460464478,0.361753910779953,-0.0811050459742546,0.999547243118286,0.5015488862991333,0.3611554205417633,-0.0811014622449874,0.9994902610778807,0.4987465441226959,0.3605121076107025,-0.0811304152011871,0.9995639324188232,0.5086399912834167,0.3674187660217285,0.0091028502210974,0.9987835884094238,0.4909317791461944,0.3638448715209961,-0.0329736471176147,0.999588131904602,0.5080795884132385,0.3839430212974548,-0.0557149723172187,0.99967223405838,0.5026153922080994,0.3833931088447571,-0.0678821876645088,0.9997915625572203,0.5188877582550049,0.4336874783039093,0.0615645013749599,0.9993826150894164,0.472465842962265,0.4239976108074188,-0.0229111779481172,0.9997591376304626,0.5269728899002075,0.5033490657806396,0.0035826934035867,0.8117153644561768,0.4726066291332245,0.5033623576164246,-0.0848321691155433,0.9904720783233644,0.532151460647583,0.4653873443603515,-0.1396616250276565,0.942313015460968,0.5057280659675598,0.4505384564399719,-0.1568401753902435,0.991978883743286,0.5336991548538208,0.4506671130657196,-0.1681121438741684,0.9027551412582396,0.5153889060020447,0.4430645108222961,-0.178025484085083,0.9806475043296814,0.5334235429763794,0.4433748424053192,-0.1674721539020538,0.902378499507904,0.5163986682891846,0.4347031712532043,-0.1745970994234085,0.9781599640846252,0.5306243896484375,0.4482264220714569,-0.143984779715538,0.8778524398803711,0.5130833387374878,0.4368811249732971,-0.1552986651659011,0.9649629592895508,0.5183902382850647,0.5797047019004822,0.0277655776590108,0.9973378777503968,0.4892881214618683,0.5774683356285095,-0.0277299564331769,0.9968496561050416,0.5087814927101135,0.7036528587341309,0.0184853021055459,0.8958412408828735,0.4885905981063843,0.7014268040657043,-0.034428097307682,0.9687735438346864,0.5039545893669128,0.8122923374176025,0.1211286783218383,0.912678599357605,0.488988310098648,0.8188284635543823,0.056848868727684,0.9487143754959106,0.4995475709438324,0.8269193768501282,0.1273211687803268,0.8324910402297974,0.4857445955276489,0.8348909616470337,0.0616502426564693,0.7278293967247009,0.521079421043396,0.8463151454925537,0.0593869909644126,0.9285970330238342,0.5064466595649719,0.8527770638465881,-0.0228697657585144,0.93913471698761
0.5076957941055298,0.3733564019203186,-0.0862104445695877,0.99972403049469,0.5088950395584106,0.3629007041454315,-0.071811132133007,0.9996281862258912,0.510007917881012,0.3631324470043182,-0.0718291103839874,0.9995269775390624,0.5111020803451538,0.3634832501411438,-0.0718225762248039,0.9995459914207458,0.5038985013961792,0.3617290556430816,-0.0809387490153312,0.9995596408843994,0.5015490651130676,0.3611305952072143,-0.0809352472424507,0.9995042085647584,0.4987473785877228,0.3604766130447387,-0.0809650868177414,0.999575674533844,0.5086158514022827,0.3674183189868927,0.0091262543573975,0.9988133311271667,0.4909339547157287,0.3637797832489013,-0.0328482091426849,0.9995980262756348,0.5080434679985046,0.3839398026466369,-0.0555442757904529,0.9996815323829652,0.502590000629425,0.3833779096603393,-0.0676628202199935,0.9997978806495668,0.518822193145752,0.4336062371730804,0.0615860372781753,0.9993952512741088,0.4724386930465698,0.4239823818206787,-0.0228537004441022,0.9997643828392028,0.527001142501831,0.5029658079147339,0.0033985811751335,0.8153966069221497,0.4720074832439422,0.5032485127449036,-0.0842739269137382,0.9908488392829896,0.5324934720993042,0.4652320146560669,-0.1398990899324417,0.9440248608589172,0.5054276585578918,0.4514911770820617,-0.154862642288208,0.9923068284988404,0.5338118076324463,0.4509324729442596,-0.1683607995510101,0.9051909446716307,0.5151494741439819,0.4439899325370788,-0.1757351607084274,0.9812411069869996,0.5334249138832092,0.4435211718082428,-0.1676670163869857,0.904797375202179,0.5159962773323059,0.4351771473884582,-0.1724844723939895,0.9788025617599488,0.5307558178901672,0.4481537044048309,-0.1442056000232696,0.8805232644081116,0.512840747833252,0.4372004270553589,-0.1533413231372833,0.9658251404762268,0.5183970332145691,0.5797029137611389,0.0279368665069341,0.9973663687705994,0.4892902970314026,0.5774877071380615,-0.0279050190001726,0.9968891739845276,0.508787214756012,0.7036876082420349,0.0184833593666553,0.8955331444740295,0.4886796176433563,0.7014267444610596,-0.0346916876733303,0.968864679336548,0.5039569139480591,0.8122843503952026,0.1206389814615249,0.9123073220252992,0.4889790415763855,0.8188232183456421,0.0556840933859348,0.9489315152168274,0.4995469450950622,0.8269174695014954,0.1267262250185012,0.8325945734977722,0.4857168197631836,0.8349014520645142,0.0603936724364757,0.7288202047348022,0.5211279392242432,0.846327543258667,0.0592404790222644,0.9285510182380676,0.5064767003059387,0.8527836799621582,-0.0235961750149726,0.9393483996391296
0.5076844692230225,0.3733522891998291,-0.0861086100339889,0.9997290372848512,0.5088784694671631,0.3628738820552826,-0.0718873441219329,0.9996341466903688,0.5099849104881287,0.3631123006343841,-0.0719054788351059,0.9995341897010804,0.511076807975769,0.3634672462940216,-0.0718990191817283,0.999552845954895,0.5038906335830688,0.3616982996463775,-0.0808997675776481,0.9995676279067992,0.5015473365783691,0.3611032962799072,-0.0808965936303138,0.9995130300521852,0.4987457394599914,0.3604480028152466,-0.0809268578886985,0.999582827091217,0.508613109588623,0.3674114942550659,0.0083151720464229,0.998834788799286,0.4909318685531616,0.3637465238571167,-0.0329070501029491,0.9996033906936646,0.5080376863479614,0.383940041065216,-0.0554835945367813,0.9996879696846008,0.5025820732116699,0.3833735287189483,-0.067494623363018,0.9998018741607666,0.5187777280807495,0.4332515001296997,0.0609959699213504,0.9994075298309326,0.4723860025405884,0.4239780604839325,-0.0227763187140226,0.9997674822807312,0.5270718336105347,0.5022684931755066,0.0033308786805719,0.8189763426780701,0.471693217754364,0.5032342076301575,-0.0835237056016922,0.9911402463912964,0.5325624942779541,0.4652195870876312,-0.1399611830711364,0.9454692006111144,0.5051586627960205,0.4526978433132171,-0.1555022895336151,0.9925727248191832,0.5338158011436462,0.4511494040489197,-0.1685716360807418,0.9072067737579346,0.5146958827972412,0.4449344873428345,-0.1764695942401886,0.9817360043525696,0.5333608984947205,0.4437781572341919,-0.1678931564092636,0.9067792296409608,0.5154454112052917,0.4358240365982055,-0.1735662370920181,0.9793429970741272,0.5307284593582153,0.4483484625816345,-0.1443360745906829,0.8827124238014221,0.512424886226654,0.4377959370613098,-0.1541699469089508,0.9665459394454956,0.5184141397476196,0.5796812176704407,0.0279430169612169,0.9973846077919006,0.4892902374267578,0.5775197744369507,-0.0279100574553012,0.9969130158424376,0.5088333487510681,0.7037234306335449,0.0184836257249116,0.8951960206031799,0.4887135624885559,0.7014245986938477,-0.0346960015594959,0.9689820408821106,0.5039819478988647,0.8122488260269165,0.120016410946846,0.9117503762245178,0.4889746308326721,0.8188068270683289,0.0551243759691715,0.949064314365387,0.4995522499084472,0.8268738389015198,0.1260086148977279,0.832757830619812,0.4857014119625091,0.8349015116691589,0.059790339320898,0.7293111085891724,0.5212035775184631,0.8463478684425354,0.0591722689568996,0.9283183813095092,0.5064960718154907,0.852790117263794,-0.0238285604864358,0.93938946723938
0.5076566934585571,0.373348981142044,-0.0860916897654533,0.9997406005859376,0.5088613629341125,0.3628599345684051,-0.07185959815979,0.9996489882469176,0.5099666118621826,0.3631051182746887,-0.0718779638409614,0.9995530247688292,0.5110597014427185,0.3634649813175201,-0.0718722492456436,0.9995709657669068,0.5038765072822571,0.3616630136966705,-0.0808315500617027,0.9995855689048768,0.5015386343002319,0.3610639870166778,-0.0808289125561714,0.9995328783988952,0.4987381994724273,0.360396534204483,-0.0808596760034561,0.999599277973175,0.5086105465888977,0.3674099743366241,0.0083803702145814,0.9988809823989868,0.4909281134605407,0.363673448562622,-0.0331419855356216,0.9996176958084106,0.5080007314682007,0.3839393556118011,-0.0554124154150486,0.9997007846832277,0.5025479197502136,0.3833600282669067,-0.0673725083470344,0.9998101592063904,0.5186091065406799,0.4331161081790924,0.0610065199434757,0.9994279146194458,0.4723076820373535,0.4239796996116638,-0.02283794619143,0.9997726678848268,0.5270656943321228,0.5023503303527832,0.0034278291277587,0.8232958912849426,0.4716818630695343,0.5032198429107666,-0.0841086208820343,0.991445243358612,0.5324989557266235,0.4658310711383819,-0.1404546797275543,0.9476428031921388,0.5052094459533691,0.4542234241962433,-0.1563845127820968,0.9928505420684814,0.5339117050170898,0.4516918063163757,-0.1691007912158966,0.9104579091072084,0.5148063898086548,0.4462956190109253,-0.1772413253784179,0.9822627305984496,0.5333998203277588,0.4441949129104614,-0.1683342158794403,0.9100353717803956,0.5154517292976379,0.4368369877338409,-0.174178346991539,0.9799177050590516,0.5307530760765076,0.4486980140209198,-0.1448078453540802,0.8864059448242188,0.5124300122261047,0.4389254748821258,-0.1549343466758728,0.9673280715942384,0.5184167623519897,0.5796689391136169,0.0281133949756622,0.9974185228347778,0.4892837107181549,0.5776095390319824,-0.0280855633318424,0.9969501495361328,0.5088614821434021,0.7037436366081238,0.0190497115254402,0.8951521515846252,0.4887300133705139,0.7014226913452148,-0.0347015708684921,0.9690826535224916,0.5039941668510437,0.8122435808181763,0.119948461651802,0.9115049242973328,0.4889619648456573,0.8187969923019409,0.0547421090304851,0.9492300748825072,0.4995534121990204,0.8268710374832153,0.1259825825691223,0.832722008228302,0.4856839179992676,0.83490389585495,0.0593612194061279,0.7299246191978455,0.5212262868881226,0.846394419670105,0.0589977875351905,0.9283407926559448,0.5064955353736877,0.8527998924255371,-0.023960618302226,0.9395958781242372
0.507615327835083,0.3733462691307068,-0.0882687792181968,0.9997540712356568,0.5088330507278442,0.3628557026386261,-0.0745609551668167,0.9996659755706788,0.5099384188652039,0.3631016612052917,-0.0745811909437179,0.999574601650238,0.5110337734222412,0.3634642660617828,-0.074573278427124,0.9995912313461304,0.5038520693778992,0.3616482615470886,-0.0838212147355079,0.9996055364608764,0.5015184879302979,0.3610474765300751,-0.0838159769773483,0.9995548725128174,0.4987185299396515,0.3603784739971161,-0.0838481485843658,0.9996172785758972,0.5086082816123962,0.3674120903015136,0.0048957420513033,0.998933494091034,0.490911602973938,0.3636625111103058,-0.0382015071809291,0.9996337294578552,0.5079509615898132,0.3839609920978546,-0.0576493628323078,0.99971604347229,0.5025036334991455,0.3833546638488769,-0.0700247511267662,0.999819815158844,0.5182396769523621,0.4329908192157745,0.0599865168333053,0.999455451965332,0.4723019599914551,0.4239639043807983,-0.0250920820981264,0.9997802376747132,0.5268498063087463,0.5028098225593567,0.007762867026031,0.8268216252326965,0.4716891348361969,0.5032107830047607,-0.085752360522747,0.9917340874671936,0.5324941873550415,0.4681256711483001,-0.1369342356920242,0.9502325057983398,0.5052171945571899,0.4563817083835602,-0.1640146523714065,0.99317729473114,0.5344018340110779,0.4546227753162384,-0.1652542054653167,0.9146128296852112,0.5148102641105652,0.4485664367675781,-0.1854750961065292,0.9829859137535096,0.534279465675354,0.4465230703353882,-0.1661847382783889,0.9142613410949708,0.5153943300247192,0.4387070536613464,-0.1832806020975113,0.9807267785072328,0.5316227078437805,0.4504756927490234,-0.1418004184961319,0.8912521004676819,0.5123739838600159,0.4407289922237396,-0.1629745364189148,0.9684948921203612,0.5184502601623535,0.5796428918838501,0.0282551348209381,0.997453272342682,0.4892947971820831,0.5776861310005188,-0.0282310172915458,0.996992290019989,0.50887131690979,0.7036702036857605,0.0215067248791456,0.8955742120742798,0.4887565672397613,0.7013417482376099,-0.0341706238687038,0.9693370461463928,0.5040125250816345,0.8121871948242188,0.1204944998025894,0.9116427898406982,0.4889470338821411,0.818777859210968,0.0547972060739994,0.9496926069259644,0.4995551705360412,0.8268128037452698,0.1263536363840103,0.8338451981544495,0.4856695234775543,0.8349084258079529,0.0593858212232589,0.7321852445602417,0.5212580561637878,0.8464019298553467,0.0598827227950096,0.92880380153656,0.5064777731895447,0.852805495262146,-0.0238227192312479,0.94016695022583
0.507554829120636,0.3733664155006408,-0.0902255550026893,0.99976646900177,0.5087822675704956,0.3628515005111694,-0.0768785327672958,0.9996821284294128,0.5098947882652283,0.3631011843681335,-0.0768987834453582,0.9995948076248168,0.510995626449585,0.3634667694568634,-0.0768903866410255,0.9996101260185242,0.5037989616394043,0.3616388440132141,-0.0867098867893219,0.9996248483657836,0.5014598965644836,0.3610394895076751,-0.0867045074701309,0.9995763897895812,0.4986646473407745,0.3603704273700714,-0.0867393836379051,0.9996353983879088,0.5086017847061157,0.3674110770225525,0.002726289210841,0.9989819526672364,0.4908781945705414,0.363651692867279,-0.0428792759776115,0.9996522068977356,0.5079095959663391,0.3839908540248871,-0.0593072287738323,0.9997308254241944,0.5024544596672058,0.3833584785461426,-0.0723782926797866,0.9998297095298768,0.5179226398468018,0.4327623248100281,0.0602406747639179,0.9994804859161376,0.4722999632358551,0.4238076508045196,-0.029881851747632,0.9997900724411012,0.5267229676246643,0.5028285384178162,0.015161040239036,0.8267418742179871,0.4716991186141968,0.5032013654708862,-0.0874532088637352,0.9920926094055176,0.5325080752372742,0.4699667692184448,-0.131095603108406,0.951951503753662,0.5052237510681152,0.4578088521957397,-0.1620186865329742,0.99351567029953,0.5348427295684814,0.4566459655761719,-0.1592660099267959,0.9175567626953124,0.5148404836654663,0.4504497647285461,-0.1831874549388885,0.9837413430213928,0.5350741147994995,0.448358803987503,-0.1615869998931884,0.9172958135604858,0.5154097676277161,0.4403518140316009,-0.1814347803592682,0.981575608253479,0.5324329733848572,0.451894611120224,-0.1365924477577209,0.8946784138679504,0.5123814940452576,0.4421911239624023,-0.1609746515750885,0.9697404503822328,0.5184932351112366,0.579619288444519,0.0294279716908931,0.9974921941757202,0.4893661141395569,0.5777647495269775,-0.0294057540595531,0.997047245502472,0.5089024305343628,0.703640878200531,0.0254408493638038,0.8963391780853271,0.4888060688972473,0.7013294696807861,-0.0339648313820362,0.9698500037193298,0.5040344595909119,0.8121487498283386,0.1231127232313156,0.9123871326446532,0.4889412820339203,0.8187753558158875,0.0547899715602397,0.9505726099014282,0.4995584785938263,0.8267802000045776,0.1287641674280166,0.8361498117446899,0.4856525361537933,0.834925651550293,0.0593701377511024,0.7359849810600281,0.5212695002555847,0.8464149236679077,0.0626439750194549,0.9297183156013488,0.5064755082130432,0.8528217077255249,-0.0239404812455177,0.9411778450012208
0.5075083374977112,0.3733668327331543,-0.0908223912119865,0.9997767806053162,0.5087378025054932,0.3628472685813904,-0.0773738324642181,0.9996953010559082,0.5098581314086914,0.3630992174148559,-0.0773938000202179,0.9996116161346436,0.5109659433364868,0.3634674549102783,-0.0773853957653045,0.9996258616447448,0.503749430179596,0.361633688211441,-0.0871580466628074,0.9996403455734252,0.5014007091522217,0.3610346615314483,-0.0871533155441284,0.9995936155319214,0.4986067116260528,0.3603643774986267,-0.0871872827410698,0.9996495842933656,0.5085955858230591,0.3674131333827972,0.0025333957746624,0.999022364616394,0.4908399283885956,0.3636434078216553,-0.0425875447690486,0.999665915966034,0.507874071598053,0.3840192556381225,-0.0598218590021133,0.9997429251670836,0.502407431602478,0.3833606541156769,-0.0728379040956497,0.9998374581336976,0.5178568959236145,0.4327025115489959,0.0603060014545917,0.9995006918907166,0.4723013341426849,0.4237213134765625,-0.030118353664875,0.9997968673706056,0.5267096161842346,0.5028411746025085,0.0136814564466476,0.8278473019599915,0.4717415869235992,0.5031749606132507,-0.0875525176525116,0.9923561215400696,0.5325189828872681,0.4704016149044037,-0.1327752023935318,0.9534547924995422,0.5053876042366028,0.4582074284553528,-0.1606543511152267,0.99375718832016,0.5349799394607544,0.4578292965888977,-0.1611745208501815,0.9200160503387452,0.5149368643760681,0.4511712193489074,-0.1817466467618942,0.9842514395713806,0.5351482033729553,0.4492233097553253,-0.1628911793231964,0.9198347330093384,0.5154598355293274,0.4413059055805206,-0.1799218654632568,0.9821442365646362,0.532566249370575,0.4523405432701111,-0.1380838900804519,0.8975045084953308,0.5124265551567078,0.4430094063282013,-0.1595907658338546,0.9705425500869752,0.5184965133666992,0.5796051025390625,0.0298508424311876,0.9975176453590392,0.4893833100795746,0.5778353810310364,-0.0298283770680427,0.99708491563797,0.5089408755302429,0.7035795450210571,0.0257716532796621,0.8970612287521362,0.4888214766979217,0.7013166546821594,-0.0338838696479797,0.970373272895813,0.5040581822395325,0.8121438026428223,0.1235307231545448,0.9133097529411316,0.4889393150806427,0.8187730312347412,0.0548049733042717,0.9514845013618468,0.4995730519294739,0.8267783522605896,0.1291585117578506,0.8383354544639587,0.4856506586074829,0.8349382877349854,0.0593937523663044,0.7396582365036011,0.5212910771369934,0.8464252352714539,0.0628460571169853,0.930679738521576,0.5064745545387268,0.8528519868850708,-0.0239724144339561,0.9422017931938172
0.5074946284294128,0.373375803232193,-0.0922027602791786,0.9997891783714294,0.5087196826934814,0.3628454506397247,-0.0790146440267562,0.9997114539146424,0.509840190410614,0.3631011247634887,-0.0790353789925575,0.9996317625045776,0.5109494924545288,0.3634721338748932,-0.0790281295776367,0.9996448755264282,0.5037306547164917,0.3616279661655426,-0.0891989693045616,0.9996596574783324,0.5013776421546936,0.3610272705554962,-0.0891932770609855,0.999614953994751,0.4985791742801666,0.3603494167327881,-0.0892278179526329,0.9996676445007324,0.5085802674293518,0.3674115836620331,0.0009114898275583,0.9990720748901368,0.4907914996147156,0.3636073172092438,-0.0462703742086887,0.9996843934059144,0.5078427195549011,0.3840653002262115,-0.0610094517469406,0.9997575879096984,0.5023820996284485,0.3833610117435455,-0.0745658203959465,0.9998470544815063,0.517672061920166,0.4316498935222626,0.0604350119829177,0.9995254874229432,0.4722525477409363,0.4235436618328094,-0.0325365252792835,0.9998063445091248,0.526599645614624,0.5028848648071289,0.0182866025716066,0.8290244936943054,0.4718412160873413,0.5031631588935852,-0.0884795635938644,0.9926345944404602,0.532584011554718,0.4703530669212341,-0.1280389875173568,0.955132007598877,0.5054531097412109,0.4590772092342376,-0.1620531380176544,0.9940236806869508,0.5357418656349182,0.4581893682479858,-0.1560204178094864,0.9227868914604188,0.5149927139282227,0.4524114727973938,-0.1831562966108322,0.9848512411117554,0.5358923673629761,0.4494714736938476,-0.1585025191307068,0.9226818084716796,0.5154649615287781,0.4424519538879394,-0.1816257387399673,0.982818841934204,0.533197283744812,0.4523125290870666,-0.1335956305265426,0.9007583856582642,0.5124295353889465,0.4439449906349182,-0.1610390692949295,0.9715189933776855,0.518502950668335,0.5795203447341919,0.0303473565727472,0.9975563883781432,0.4893887639045715,0.5778663158416748,-0.0303238369524478,0.9971355199813844,0.5089923143386841,0.7035254240036011,0.0270882453769445,0.8979376554489136,0.4888406693935394,0.7013140916824341,-0.033765073865652,0.9708446264266968,0.5040830969810486,0.8121142387390137,0.124783769249916,0.9140196442604064,0.4889379143714905,0.818773627281189,0.0548132546246051,0.952344298362732,0.4995962679386139,0.8267390131950378,0.130405455827713,0.8408037424087524,0.485649436712265,0.834951639175415,0.0594090484082698,0.7437264919281006,0.5213364958763123,0.8464275002479553,0.0644219368696212,0.931554913520813,0.506464958190918,0.8528795838356018,-0.0239736065268516,0.943146824836731
0.5074779391288757,0.3734149932861328,-0.0919387713074684,0.999798595905304,0.5087019205093384,0.3628506362438202,-0.0786721855401992,0.9997233748435974,0.5098237991333008,0.3631104826927185,-0.0786934718489646,0.99964702129364,0.5109373927116394,0.3634833991527557,-0.0786862224340438,0.99965900182724,0.5037099719047546,0.3616199195384979,-0.0886049941182136,0.99967360496521,0.5013546943664551,0.3610199391841888,-0.0885997116565704,0.9996302723884584,0.4985506236553192,0.3603429794311523,-0.0886333808302879,0.9996803402900696,0.5085794925689697,0.3674128651618957,0.0014079918619245,0.9991073608398438,0.4907598793506622,0.3636012077331543,-0.044419627636671,0.9996972680091858,0.5078270435333252,0.3841581642627716,-0.0607296638190746,0.9997680187225342,0.5023661255836487,0.3833871185779571,-0.0739737749099731,0.9998539090156556,0.5176716446876526,0.4313648343086242,0.0608191080391407,0.9995454549789428,0.4722232222557068,0.4235386848449707,-0.0311889257282018,0.9998137950897216,0.5265312790870667,0.5029444098472595,0.0174091700464487,0.8289556503295898,0.4719800651073456,0.503152072429657,-0.0858927518129348,0.9928426146507264,0.5325543880462646,0.4711794853210449,-0.130231961607933,0.956277072429657,0.5055180788040161,0.4599489867687225,-0.1604558825492859,0.9942087531089784,0.5358542203903198,0.4596507847309112,-0.1586056351661682,0.924840211868286,0.5151630640029907,0.4534370005130768,-0.1818550676107406,0.9852579832077026,0.5359870195388794,0.4505088329315185,-0.160285010933876,0.9248281717300416,0.5155251622200012,0.4434992372989654,-0.180263802409172,0.9832795262336732,0.5332592725753784,0.452926903963089,-0.1356723755598068,0.9031591415405272,0.5124731063842773,0.4449689090251922,-0.1601988822221756,0.9721754193305968,0.5185147523880005,0.5794421434402466,0.0305868722498416,0.9975735545158386,0.4894002676010132,0.577877938747406,-0.0305613595992326,0.9971659183502196,0.5090593695640564,0.7034274339675903,0.0269831847399473,0.8980095982551575,0.4888866245746612,0.7012454867362976,-0.0337947197258472,0.9713053107261658,0.5040892958641052,0.8121100664138794,0.124492272734642,0.9145400524139404,0.4889363944530487,0.8187761306762695,0.0536504723131656,0.9531145691871644,0.4996052086353302,0.8267403244972229,0.1302873939275741,0.8428390622138977,0.4856393933296203,0.8349630236625671,0.058059811592102,0.7472838163375854,0.5213711261749268,0.8464332818984985,0.0640691518783569,0.9322742223739624,0.5064771771430969,0.852907657623291,-0.0254026912152767,0.943984866142273
0.5074730515480042,0.3734310269355774,-0.091714896261692,0.999807357788086,0.508689284324646,0.3628492355346679,-0.0784497261047363,0.9997344613075256,0.5098109841346741,0.3631108701229095,-0.0784714892506599,0.9996612668037416,0.5109277963638306,0.3634846210479736,-0.0784643217921257,0.99967223405838,0.5037000775337219,0.3616142272949219,-0.0882398262619972,0.9996864199638368,0.5013471245765686,0.3610145151615143,-0.0882345810532569,0.9996442794799804,0.4985409379005432,0.3603372871875763,-0.0882680490612983,0.999691903591156,0.508578360080719,0.3674112558364868,0.0015556112630292,0.9991412162780762,0.4907506704330444,0.3635937869548797,-0.0436030887067317,0.9997087121009828,0.5078253746032715,0.3842018842697143,-0.0605442449450492,0.9997776746749878,0.5023638010025024,0.383401095867157,-0.0736105516552925,0.9998601675033568,0.5176730751991272,0.4312385320663452,0.0608620196580886,0.9995644688606262,0.4722122251987457,0.4234878420829773,-0.0304997358471155,0.9998204112052916,0.5264586806297302,0.5030673146247864,0.017221400514245,0.8295208811759949,0.4721675515174866,0.5031412839889526,-0.0839437171816825,0.9930048584938048,0.5325454473495483,0.4716886579990387,-0.1307466626167297,0.9575197696685792,0.5055463314056396,0.4604968428611755,-0.1599447578191757,0.994370698928833,0.535943329334259,0.4602094292640686,-0.1593333780765533,0.92700856924057,0.5152050852775574,0.453976422548294,-0.1809770315885543,0.9856226444244384,0.5360972285270691,0.4509323835372925,-0.1612709313631057,0.9270836114883424,0.5155447125434875,0.4440762102603912,-0.1785301268100738,0.9836950898170472,0.533338725566864,0.4532015919685364,-0.1362970471382141,0.9057081937789916,0.5124956369400024,0.4455487728118896,-0.1590777337551117,0.9727693796157836,0.5185166597366333,0.5792924165725708,0.0305870473384857,0.9975851774215698,0.4894072115421295,0.5778792500495911,-0.0305607616901397,0.9971898198127748,0.5090840458869934,0.7032564282417297,0.0267122518271207,0.8983346819877625,0.4889118373394012,0.7011826634407043,-0.0337967462837696,0.971703290939331,0.50409334897995,0.8121065497398376,0.1239773258566856,0.91512531042099,0.4889410734176636,0.8187931776046753,0.0530827790498733,0.9537982940673828,0.4996175169944763,0.826743483543396,0.1293832659721374,0.8446065187454224,0.4856418967247009,0.8349979519844055,0.0573984868824481,0.7502775192260742,0.5214068293571472,0.8464391231536865,0.0634524300694465,0.933000147342682,0.5065362453460693,0.8529126048088074,-0.0260727368295192,0.9447420835494996
0.5074646472930908,0.373439759016037,-0.0914238765835762,0.9998140931129456,0.5086787343025208,0.3628476560115814,-0.0780955180525779,0.999743103981018,0.5098016858100891,0.3631103634834289,-0.0781170278787612,0.9996723532676696,0.5109223127365112,0.3634845912456512,-0.0781099274754524,0.999682366847992,0.5036895871162415,0.3616092801094055,-0.0878289937973022,0.9996961355209352,0.5013395547866821,0.3610096573829651,-0.0878240019083023,0.9996548891067504,0.4985327422618866,0.3603323400020599,-0.0878575146198272,0.9997007250785828,0.5085780024528503,0.3674101233482361,0.0018856532406061,0.9991655349731444,0.4907462298870086,0.3635880053043365,-0.0429385378956794,0.9997183084487916,0.5078222751617432,0.3842215538024902,-0.0603282116353511,0.99978506565094,0.5023619532585144,0.3834048807621002,-0.0732965990900993,0.9998651146888732,0.5176746845245361,0.4312154352664947,0.0620059967041015,0.9995794892311096,0.4721959829330444,0.4233793318271637,-0.0301368925720453,0.9998266100883484,0.526343047618866,0.503357470035553,0.0174064673483371,0.8278507590293884,0.4723187088966369,0.5030969977378845,-0.0810949653387069,0.993142306804657,0.5325120687484741,0.4718930423259735,-0.1315355151891708,0.9581321477890016,0.5057991743087769,0.4605631828308105,-0.1516184359788894,0.994489848613739,0.5359774827957153,0.4603142738342285,-0.1599521934986114,0.9283053278923036,0.5155250430107117,0.4542221426963806,-0.1722345501184463,0.9858812689781188,0.5361679792404175,0.4510793387889862,-0.1620960235595703,0.9284783005714417,0.515799343585968,0.4442639648914337,-0.1713435351848602,0.9839910268783568,0.5333653092384338,0.4533326327800751,-0.1367945224046707,0.9072322249412536,0.5126864314079285,0.4457231163978576,-0.1508970707654953,0.9731773734092712,0.518519937992096,0.5791342258453369,0.0307119823992252,0.9975954294204712,0.4894149005413055,0.5778390765190125,-0.0306831859052181,0.997211754322052,0.5091388821601868,0.7031722068786621,0.0263927187770605,0.8984358310699463,0.4889375567436218,0.7011207938194275,-0.0340809412300586,0.9721089601516724,0.5040948390960693,0.812103271484375,0.1234736964106559,0.915608525276184,0.4889427125453949,0.8188195824623108,0.0523638725280761,0.954458236694336,0.499621033668518,0.826756477355957,0.1286763846874237,0.8463169932365417,0.4856408834457397,0.8350467681884766,0.0566686801612377,0.7530421614646912,0.5214793682098389,0.8464412689208984,0.0626642256975174,0.9336091876029968,0.5066102743148804,0.8529191613197327,-0.0270016007125377,0.9454717040061952
0.5074631571769714,0.3734458386898041,-0.0912345126271247,0.9998200535774232,0.5086686015129089,0.362846165895462,-0.0778673812747001,0.9997508525848388,0.5097892880439758,0.3631092607975006,-0.0778887942433357,0.9996820092201232,0.5109106302261353,0.3634830713272095,-0.0778817683458328,0.999691128730774,0.50368732213974,0.3616050779819488,-0.0876042172312736,0.9997053146362304,0.5013378262519836,0.3610047996044159,-0.0875994637608528,0.9996649622917176,0.498531311750412,0.3603266179561615,-0.0876336619257927,0.99970942735672,0.5085713267326355,0.3674049377441406,0.0021024264860898,0.9991872310638428,0.4907450377941131,0.3635827600955963,-0.0427469350397586,0.999728500843048,0.5078185200691223,0.3842301070690155,-0.0602597929537296,0.9997918009757996,0.5023629665374756,0.3834075927734375,-0.0730800330638885,0.9998700022697448,0.5176602602005005,0.4309794902801513,0.0637044906616211,0.9995920062065125,0.4721893966197967,0.4231633841991424,-0.0298912804573774,0.999833047389984,0.5262892246246338,0.5035889744758606,0.0195099059492349,0.8250225782394409,0.4723671674728393,0.5030122995376587,-0.0811207666993141,0.9932906627655028,0.5324863791465759,0.4717288315296173,-0.130571573972702,0.9583927989006042,0.5060299038887024,0.4605192840099334,-0.1503819972276687,0.9946141242980956,0.5359667539596558,0.4601258933544159,-0.1592661887407302,0.929093599319458,0.5157924294471741,0.4542311131954193,-0.1709130257368087,0.9861523509025574,0.5361368060112,0.4510479867458343,-0.1617742627859115,0.9293495416641236,0.5160616636276245,0.4442058503627777,-0.1701549589633941,0.9842997789382936,0.5333370566368103,0.4533113241195678,-0.136229932308197,0.9081472158432008,0.5128999948501587,0.4456643462181091,-0.1495853215456009,0.9736089706420898,0.5185219645500183,0.5789709091186523,0.0310538318008184,0.9976077079772948,0.4894261956214905,0.5777425765991211,-0.0310218688100576,0.9972374439239502,0.5091712474822998,0.7031213641166687,0.0263740178197622,0.8984668254852295,0.4889828264713287,0.7010850310325623,-0.0345876589417457,0.972440779209137,0.5040956735610962,0.8121011257171631,0.1234049350023269,0.9160451889038086,0.4889448881149292,0.8188390731811523,0.0515760853886604,0.9550846815109252,0.4996226727962494,0.8267803192138672,0.1285910159349441,0.8480732440948486,0.4856400489807129,0.835078775882721,0.0558871515095233,0.7559947371482849,0.5215008854866028,0.8464440107345581,0.0625469908118248,0.9342294335365297,0.5066595673561096,0.85292649269104,-0.0278847180306911,0.9461769461631776
0.5074612498283386,0.3734556138515472,-0.0911341458559036,0.9998236298561096,0.5086632370948792,0.3628454506397247,-0.077806606888771,0.9997552037239076,0.5097805857658386,0.3631087839603424,-0.0778278931975364,0.999687433242798,0.5109015703201294,0.3634822368621826,-0.0778207331895828,0.9996957778930664,0.5036848187446594,0.3615992665290832,-0.0877413600683212,0.999710738658905,0.5013408660888672,0.3609990179538727,-0.0877372846007347,0.9996711015701294,0.4985353052616119,0.3603211641311645,-0.0877737328410148,0.999714732170105,0.5085580348968506,0.3674021363258362,0.0022851638495922,0.999198079109192,0.4907496273517608,0.3635801672935486,-0.0436095409095287,0.9997354745864868,0.5078166127204895,0.384238988161087,-0.0600970201194286,0.9997963309288024,0.5023770332336426,0.3834142088890075,-0.0730171427130699,0.9998733997344972,0.5175988078117371,0.4306938648223877,0.0646755918860435,0.9996010065078736,0.4721870124340057,0.4230827391147613,-0.0312410537153482,0.99983811378479,0.5261891484260559,0.5038399696350098,0.0208470243960618,0.8210216164588928,0.4725197255611419,0.502897322177887,-0.0825740545988082,0.9934033751487732,0.5324185490608215,0.471615195274353,-0.1289052367210388,0.9580265879631042,0.5063477754592896,0.4604121744632721,-0.1506953984498977,0.9946962594985962,0.5358836054801941,0.459990918636322,-0.1574977040290832,0.9288942813873292,0.5160290002822876,0.4540827572345733,-0.171236515045166,0.986319899559021,0.5360404849052429,0.4509846866130829,-0.1600421071052551,0.9292348623275756,0.5163550972938538,0.4440981447696686,-0.1703370958566665,0.9844862222671508,0.5332919359207153,0.4532918930053711,-0.1346953213214874,0.9078488349914552,0.513159990310669,0.4455739855766296,-0.1498411744832992,0.9738314151763916,0.5185310244560242,0.5788880586624146,0.0316009894013404,0.9976043701171876,0.489471971988678,0.5776906609535217,-0.0315663702785968,0.99724143743515,0.5092067122459412,0.7030099630355835,0.0266695618629455,0.8985350728034973,0.4890688955783844,0.7009767889976501,-0.0351421609520912,0.9726954102516174,0.5040974020957947,0.8120846152305603,0.1231860443949699,0.9167029857635498,0.4889481961727142,0.8188352584838867,0.0513102374970912,0.9556448459625244,0.4996226131916046,0.8267810940742493,0.1284432858228683,0.849774956703186,0.4856368601322174,0.8350840210914612,0.0556407012045383,0.7588666081428528,0.5215467214584351,0.8464433550834656,0.0624301023781299,0.9349738359451294,0.5066903233528137,0.8529322743415833,-0.0284070279449224,0.9468766450881958
0.5074518918991089,0.3734543621540069,-0.0907541960477829,0.9998244643211364,0.5086464285850525,0.3628368079662323,-0.077303372323513,0.9997575283050536,0.5097660422325134,0.3630971312522888,-0.0773259326815605,0.9996908903121948,0.5108938813209534,0.3634647727012634,-0.0773190334439277,0.9996981620788574,0.5036675930023193,0.3615961968898773,-0.0870613828301429,0.9997117519378662,0.5013307332992554,0.3609946370124817,-0.0870590955018997,0.9996721744537354,0.4985260963439941,0.3603164553642273,-0.0870958864688873,0.9997156858444214,0.5085636973381042,0.3673895299434662,0.0039403280243277,0.99920254945755,0.4907572567462921,0.3636098504066467,-0.0403854399919509,0.9997392296791076,0.5078145861625671,0.3842387199401855,-0.059270579367876,0.9997973442077636,0.5023765563964844,0.3834175765514374,-0.0719172954559326,0.9998744130134584,0.517991304397583,0.4307641685009002,0.0657240152359008,0.9996034502983092,0.4722055792808532,0.4230686128139496,-0.0286475755274295,0.9998405575752258,0.5261860489845276,0.5042403340339661,0.0191715452820062,0.8151719570159912,0.4728668332099914,0.5027695894241333,-0.0729856938123703,0.9934698343276978,0.5323503017425537,0.4716291427612304,-0.1397067457437515,0.9567318558692932,0.5067327618598938,0.4603317975997925,-0.1290027946233749,0.9946821331977844,0.5358601808547974,0.4598641991615295,-0.1703937500715255,0.9275478720664978,0.5163695812225342,0.4541287422180176,-0.1483280211687088,0.9862238764762878,0.5360209345817566,0.4508649110794067,-0.1732727438211441,0.9280394911766052,0.5167917609214783,0.4443632066249847,-0.1481190025806427,0.9843955636024476,0.5332691669464111,0.4532164633274078,-0.1461298614740371,0.90639466047287,0.5135592222213745,0.4457787573337555,-0.1281466633081436,0.9736803770065308,0.5185332894325256,0.5788845419883728,0.0315093323588371,0.9976230263710022,0.4894741177558899,0.5776749849319458,-0.0314690917730331,0.9972684979438782,0.5092776417732239,0.7030234336853027,0.0241526532918214,0.8994633555412292,0.4890707433223724,0.7009804248809814,-0.0354644656181335,0.9731640219688416,0.5040972828865051,0.812111496925354,0.122284434735775,0.9181081056594848,0.4889786541461944,0.8188118934631348,0.0518837720155715,0.956418514251709,0.4996238648891449,0.8268464803695679,0.1276633143424987,0.8516563177108765,0.4856797754764557,0.8350855708122253,0.0563744939863681,0.7605239748954773,0.521551251411438,0.8464387059211731,0.0598328299820423,0.9359377026557922,0.5066907405853271,0.8529163002967834,-0.0283148493617773,0.9477474689483644
0.507419764995575,0.3734525442123413,-0.0894509628415107,0.999825954437256,0.5086237192153931,0.3628354072570801,-0.0758756697177887,0.9997605681419371,0.50975102186203,0.3630958795547485,-0.0758986324071884,0.9996955394744872,0.5108851790428162,0.3634636402130127,-0.075891725718975,0.9997018575668336,0.503633439540863,0.3615919053554535,-0.0852348506450653,0.9997130036354064,0.5012924075126648,0.3609900176525116,-0.0852335393428802,0.9996734261512756,0.4984918236732483,0.360313206911087,-0.0852665975689888,0.9997166395187378,0.5085678100585938,0.3673900663852691,0.0059732124209403,0.9992123246192932,0.4907568693161011,0.3636339008808136,-0.0364802218973636,0.9997417330741882,0.5078054666519165,0.3842405080795288,-0.057688470929861,0.9997990131378174,0.5023524761199951,0.3834193050861358,-0.0698606148362159,0.9998751878738404,0.5182392597198486,0.4308236539363861,0.0659691244363784,0.9996086955070496,0.4722166061401367,0.4230621755123138,-0.0240035690367221,0.9998417496681212,0.5261837840080261,0.5043314099311829,0.0152912568300962,0.8108934760093689,0.4733840227127075,0.5026293992996216,-0.0667871460318565,0.9934711456298828,0.5322942137718201,0.4720542430877685,-0.1452069133520126,0.955692172050476,0.5071823596954346,0.4602833986282348,-0.1217008680105209,0.9946050643920898,0.5358220338821411,0.4596749544143677,-0.1765036433935165,0.926481544971466,0.5165961384773254,0.4540551900863647,-0.1409142166376114,0.9859912991523744,0.5360071063041687,0.4507778584957123,-0.1793810278177261,0.927115559577942,0.5170535445213318,0.4444479346275329,-0.1407474875450134,0.98415607213974,0.5332579612731934,0.4532872438430786,-0.1516711413860321,0.9052791595458984,0.5138143301010132,0.4459464848041534,-0.1209045201539993,0.9733127355575562,0.5185331702232361,0.5788830518722534,0.0306859239935874,0.997648298740387,0.4894717633724212,0.5776753425598145,-0.0306357126682996,0.997296929359436,0.5093371272087097,0.7030513882637024,0.0204406958073377,0.9013104438781738,0.4890734255313873,0.7009875178337097,-0.035619243979454,0.9737616777420044,0.5041132569313049,0.8121293187141418,0.1201652958989143,0.9199249744415284,0.4890430569648742,0.8187875151634216,0.052661370486021,0.9573084712028505,0.4996584057807922,0.8268890976905823,0.1257317066192627,0.8535067439079285,0.4857731461524963,0.835084855556488,0.0572753064334392,0.762049674987793,0.5215597748756409,0.8464398384094238,0.0564199276268482,0.9370914697647096,0.5066849589347839,0.8529008626937866,-0.0281129647046327,0.9487081170082092
0.5074074268341064,0.3734430372714996,-0.0874033793807029,0.9998274445533752,0.5086153745651245,0.3628310561180115,-0.0737243369221687,0.9997634887695312,0.5097451210021973,0.3630935847759247,-0.0737474039196968,0.9996996521949768,0.5108818411827087,0.3634628057479858,-0.0737402588129043,0.9997053742408752,0.5036206841468811,0.3615858256816864,-0.0831710770726203,0.9997152090072632,0.5012809038162231,0.3609872758388519,-0.0831699222326278,0.9996758699417114,0.4984802901744842,0.360309898853302,-0.0832016542553901,0.9997190833091736,0.5085710287094116,0.3673948049545288,0.00808413233608,0.9992192387580872,0.4907585978507995,0.3636426329612732,-0.0350609309971332,0.9997450113296508,0.5078040957450867,0.3842400312423706,-0.0556376315653324,0.9997996091842652,0.5023412704467773,0.3834176361560821,-0.0679951682686805,0.999875783920288,0.5182517170906067,0.4308937489986419,0.0669491365551948,0.9996098279953004,0.4722214341163635,0.4230692684650421,-0.0231624823063612,0.9998425245285034,0.5260300636291504,0.5043641924858093,0.0151399057358503,0.8044582009315491,0.4736926853656769,0.5024957060813904,-0.06790641695261,0.993473470211029,0.5322449803352356,0.472241073846817,-0.1439642757177353,0.9541131258010864,0.5075333118438721,0.460252583026886,-0.1240110695362091,0.994539439678192,0.5357496738433838,0.4595254957675934,-0.1748814880847931,0.9247542023658752,0.516774594783783,0.4539965987205505,-0.1433804035186767,0.9858019948005676,0.535986065864563,0.450754314661026,-0.1777476668357849,0.9255308508872986,0.5172387361526489,0.4444740712642669,-0.1429689973592758,0.9839600324630736,0.5332434177398682,0.4533897638320923,-0.150367259979248,0.9033653736114502,0.5140074491500854,0.4460473656654358,-0.1231322735548019,0.9729979634284972,0.518531084060669,0.5788726806640625,0.0305299777537584,0.9976565837860109,0.4894730150699615,0.5776754021644592,-0.0304776225239038,0.9973109364509584,0.509374737739563,0.7030214071273804,0.0206418223679065,0.902515470981598,0.4890756011009216,0.7009848952293396,-0.0357873626053333,0.9742346405982972,0.5041397213935852,0.8121229410171509,0.1186356917023658,0.921255111694336,0.489055722951889,0.8187817335128784,0.0521483346819877,0.9580188989639282,0.4996666014194488,0.8268900513648987,0.1240305602550506,0.8547338247299194,0.4858018755912781,0.8350867629051208,0.0566617920994758,0.7630587220191956,0.5215622782707214,0.8464224934577942,0.0548215247690677,0.9379866123199464,0.5066613554954529,0.8528981804847717,-0.0286467410624027,0.9494745135307312
0.5073858499526978,0.3734073340892792,-0.0860914885997772,0.999824285507202,0.5086030960083008,0.3628095388412475,-0.0722516030073165,0.999760627746582,0.5097380876541138,0.3630795180797577,-0.0722753703594207,0.9996966123580932,0.5108785629272461,0.3634557425975799,-0.0722681581974029,0.9997018575668336,0.5035993456840515,0.3615638017654419,-0.0819499790668487,0.9997102618217468,0.5012560486793518,0.3609730303287506,-0.0819498598575592,0.9996705055236816,0.4984541535377502,0.3603034019470215,-0.0819814503192901,0.9997147917747498,0.5085867643356323,0.3673991858959198,0.0101103503257036,0.9992070198059082,0.4907580018043518,0.3636437356472015,-0.0342089124023914,0.999742031097412,0.5078006386756897,0.384233295917511,-0.0541200116276741,0.9997952580451964,0.5023124814033508,0.3834051489830017,-0.0668128803372383,0.9998729825019836,0.5182505249977112,0.4308833479881286,0.0688759386539459,0.99960857629776,0.4722691476345062,0.4230662286281585,-0.0229113176465034,0.9998405575752258,0.5258827805519104,0.5032142996788025,0.0165219977498054,0.7964349985122681,0.4740010499954223,0.5023982524871826,-0.0679104775190353,0.9934622049331664,0.5322049260139465,0.4730213582515716,-0.1424667984247207,0.9517310857772828,0.5080978274345398,0.4600171446800232,-0.1225535944104194,0.9944576025009156,0.5356805324554443,0.460235983133316,-0.1730686575174331,0.9220266342163086,0.51719069480896,0.4539788365364074,-0.14214389026165,0.985592007637024,0.5359565019607544,0.4516164660453796,-0.1761526614427566,0.922996997833252,0.517690896987915,0.4444374144077301,-0.1418175250291824,0.9837406873703004,0.5331859588623047,0.4555571377277374,-0.1487315595149994,0.9003958702087402,0.5144156217575073,0.4460318386554718,-0.1216471344232559,0.9726253151893616,0.5185248255729675,0.578833818435669,0.0305306613445281,0.997663676738739,0.4894743263721466,0.5776523947715759,-0.0304780527949333,0.9973160624504088,0.5094125270843506,0.7030237913131714,0.0205212943255901,0.9036906957626344,0.4890777766704559,0.7009824514389038,-0.0366542115807533,0.9747201204299928,0.5041463971138,0.8121219277381897,0.1183710172772407,0.922693967819214,0.4890601933002472,0.8187733888626099,0.0516632013022899,0.958809494972229,0.4996680021286011,0.8269094824790955,0.1237576976418495,0.8565952181816101,0.4858081638813019,0.8350884914398193,0.0561606884002685,0.7644086480140686,0.521564245223999,0.8464142680168152,0.0544258244335651,0.9389119744300842,0.5066450238227844,0.8528947234153748,-0.0295096430927515,0.9502986669540404
0.5073346495628357,0.3734005987644195,-0.084399327635765,0.999824285507202,0.508574903011322,0.3628057539463043,-0.0704559311270713,0.999761700630188,0.5097205638885498,0.363077700138092,-0.0704800859093666,0.999698519706726,0.5108662247657776,0.3634549975395202,-0.0704745277762413,0.999703884124756,0.503559410572052,0.3615603148937225,-0.0800789520144462,0.9997100234031676,0.5012084245681763,0.3609688282012939,-0.0800779685378074,0.999670147895813,0.4984152913093567,0.3603021800518036,-0.0801067054271698,0.9997144341468812,0.5086019039154053,0.3674143850803375,0.0116458563134074,0.9992122650146484,0.4907536208629608,0.3636670410633087,-0.0323108173906803,0.9997414350509644,0.5077860355377197,0.384232610464096,-0.0525858215987682,0.9997949600219728,0.5022637844085693,0.3834034204483032,-0.0651997551321983,0.999871790409088,0.5182501673698425,0.4308916926383972,0.0695596188306808,0.999614715576172,0.4723210632801056,0.4230635166168213,-0.0216353237628936,0.999838411808014,0.5258932709693909,0.502039909362793,0.0166250187903642,0.7943708896636963,0.4741402864456177,0.5023818612098694,-0.0693607032299041,0.9934423565864564,0.5323271155357361,0.4731523692607879,-0.1419711858034134,0.9511753916740416,0.5081485509872437,0.4598369598388672,-0.1279098242521286,0.9944160580635072,0.535670816898346,0.4606598317623138,-0.1720929145812988,0.9213792085647584,0.5171815752983093,0.4539191126823425,-0.1478057503700256,0.985485315322876,0.5359236598014832,0.4521723091602325,-0.1749381124973297,0.9224225282669068,0.5176836848258972,0.4444164633750915,-0.1471684575080871,0.983630120754242,0.5331800580024719,0.4565343260765075,-0.1480618268251419,0.8996837139129639,0.5144246220588684,0.4460083246231079,-0.1269915252923965,0.9724262356758118,0.5185257196426392,0.5787461400032043,0.0305220708250999,0.9976784586906432,0.4894915223121643,0.5775789022445679,-0.0304691027849912,0.997319519519806,0.5094335079193115,0.7030234932899475,0.0203920397907495,0.9039457440376282,0.4890891015529632,0.7009750008583069,-0.0370617993175983,0.9748663306236268,0.5041482448577881,0.8121209144592285,0.1174824684858322,0.9230197668075562,0.4890718758106231,0.818771243095398,0.0505855530500412,0.9590062499046326,0.4996695816516876,0.8269184827804565,0.1228332296013832,0.8568332195281982,0.4858219921588897,0.8350908160209656,0.05502225831151,0.7637326717376709,0.5215660929679871,0.8464089632034302,0.053973589092493,0.9390046000480652,0.5066349506378174,0.8528851866722107,-0.0302250124514102,0.9504684805870056
0.507311224937439,0.3734000623226166,-0.0835024863481521,0.9998241662979126,0.5085718035697937,0.3628065288066864,-0.0695074424147605,0.99976247549057,0.5097166895866394,0.3630823493003845,-0.0695309415459632,0.9997001886367798,0.5108627080917358,0.3634641468524933,-0.0695250853896141,0.9997056722640992,0.5035451650619507,0.3615555167198181,-0.0790258347988128,0.9997093081474304,0.5011900663375854,0.360964834690094,-0.0790241584181785,0.9996691346168518,0.4983960092067718,0.360300600528717,-0.0790507420897483,0.9997131824493408,0.5086271166801453,0.3674436807632446,0.0124127063900232,0.9992180466651917,0.4907514750957489,0.3636762797832489,-0.0310638658702373,0.9997398257255554,0.5077698230743408,0.3842402398586273,-0.0518034808337688,0.999794602394104,0.5022150874137878,0.3834035694599151,-0.0642945915460586,0.9998704195022584,0.518246054649353,0.430899441242218,0.0693791955709457,0.9996232390403748,0.472383439540863,0.4230396151542663,-0.0207042582333087,0.9998360276222228,0.5259746313095093,0.5010771751403809,0.016526523977518,0.7950713038444519,0.474191665649414,0.5021587610244751,-0.0693393051624298,0.993450164794922,0.5323396921157837,0.4736155271530151,-0.1417462080717086,0.9513616561889648,0.5084244608879089,0.4595653116703033,-0.1280472725629806,0.9943795204162598,0.53565913438797,0.4632701575756073,-0.1716579645872116,0.9216791987419128,0.5174883008003235,0.4538266062736511,-0.1480963230133056,0.9853795766830444,0.5357896685600281,0.4548141062259674,-0.1742752641439438,0.9227774739265442,0.5180487036705017,0.4443938732147217,-0.1473234295845031,0.9835240244865416,0.5330989360809326,0.4580215215682983,-0.1479936987161636,0.9000945687294006,0.5147225856781006,0.4459886848926544,-0.1271040737628936,0.9722452759742736,0.5185167193412781,0.5787348747253418,0.0304464027285575,0.9976985454559326,0.4894928336143493,0.5775781273841858,-0.0303927026689052,0.9973354339599608,0.5094735622406006,0.7030383348464966,0.0205354336649179,0.9046677350997924,0.4890909194946289,0.7009903788566589,-0.0370080024003982,0.9751718044281006,0.504153847694397,0.8121195435523987,0.1171105355024337,0.9237273931503296,0.4890757203102112,0.8187674880027771,0.050283707678318,0.9594250917434692,0.4996791779994964,0.8269192576408386,0.1223715543746948,0.8575547337532043,0.4858281314373016,0.8350893259048462,0.0546697378158569,0.7636111378669739,0.5215722322463989,0.8464096188545227,0.0538063645362854,0.9393227696418762,0.5066154599189758,0.852891206741333,-0.030164074152708,0.9508469700813292
0.5072712302207947,0.3734075725078583,-0.0837819799780845,0.9998241066932678,0.5085522532463074,0.3628131449222564,-0.0699437484145164,0.9997629523277284,0.5097059011459351,0.3630899786949157,-0.0699673071503639,0.9997013807296752,0.5108559727668762,0.3634730279445648,-0.0699614286422729,0.9997068643569946,0.5035181641578674,0.3615532517433166,-0.0795205011963844,0.9997087717056274,0.5011584162712097,0.3609656691551208,-0.0795187205076217,0.9996684193611144,0.4983700513839721,0.3603099286556244,-0.0795474797487258,0.9997121691703796,0.5086316466331482,0.3674603104591369,0.0117142256349325,0.9992217421531676,0.4907496571540832,0.3637084364891052,-0.0318671874701976,0.9997387528419496,0.5077421069145203,0.3842524588108063,-0.0522015467286109,0.9997952580451964,0.5021625757217407,0.3834085464477539,-0.0647850707173347,0.9998700022697448,0.5182193517684937,0.4309699833393097,0.0690541937947273,0.9996306896209716,0.4724264442920685,0.4230154156684875,-0.0211311746388673,0.9998350143432616,0.5259931683540344,0.5011054873466492,0.0160925462841987,0.7968286871910095,0.4741878509521484,0.5020027756690979,-0.069313995540142,0.9934539198875428,0.532121479511261,0.4741502106189728,-0.1411813646554947,0.951336681842804,0.5085588097572327,0.4595349133014679,-0.1266565322875976,0.9942734241485596,0.5351752042770386,0.4647584557533264,-0.1713550090789795,0.9214566946029664,0.5178074240684509,0.4537875652313232,-0.1465366184711456,0.9850692749023438,0.5349927544593811,0.456229567527771,-0.1738979071378708,0.9225790500640868,0.5183746218681335,0.4444925189018249,-0.1457713991403579,0.983176589012146,0.5322218537330627,0.4590344429016113,-0.1473695635795593,0.8997544050216675,0.5150111317634583,0.4461199641227722,-0.1256525218486786,0.9716748595237732,0.5185038447380066,0.5787338018417358,0.0304853487759828,0.9977152943611144,0.4894943237304687,0.5776001214981079,-0.0304321907460689,0.9973487257957458,0.5094865560531616,0.703065812587738,0.0211953353136777,0.9047590494155884,0.4891015291213989,0.7009947896003723,-0.0369839258491992,0.9754340648651124,0.504155695438385,0.812121570110321,0.1172839477658271,0.9242278337478638,0.4890764951705932,0.8187776207923889,0.0503698997199535,0.9598644375801086,0.4996801912784576,0.826926052570343,0.1224788054823875,0.8585096001625061,0.485828697681427,0.8350922465324402,0.0547699965536594,0.7644637227058411,0.521577775478363,0.8464065194129944,0.0540440641343593,0.9396279454231262,0.5066291689872742,0.8528919219970703,-0.0300186891108751,0.951297640800476
0.5072675943374634,0.3734331429004669,-0.0841266065835952,0.9998254179954528,0.5085498094558716,0.3628389239311218,-0.0702783912420272,0.999765157699585,0.5097028613090515,0.3631184697151184,-0.0703014507889747,0.9997044801712036,0.5108533501625061,0.3635027408599853,-0.0702953338623046,0.9997101426124572,0.5035154223442078,0.3615582883358001,-0.0798975974321365,0.9997107982635498,0.5011560916900635,0.360971063375473,-0.0798956528306007,0.9996705055236816,0.4983678460121155,0.3603207170963287,-0.0799245834350586,0.99971342086792,0.5086319446563721,0.3674864172935486,0.0113880736753344,0.9992307424545288,0.490749329328537,0.363726943731308,-0.0322408787906169,0.9997395873069764,0.5077396631240845,0.3842757642269134,-0.0525355376303195,0.9997974634170532,0.5021546483039856,0.3834189772605896,-0.0651419833302497,0.9998704791069032,0.5181589722633362,0.4310758113861084,0.0688499733805656,0.9996387958526612,0.472453236579895,0.4230888783931732,-0.021394683048129,0.9998338222503662,0.5259943604469299,0.5011555552482605,0.01629438996315,0.7986562848091125,0.4742075204849243,0.5019948482513428,-0.0694363936781883,0.9934609532356262,0.5320553779602051,0.4746882617473602,-0.1387191414833068,0.9515664577484132,0.5085510611534119,0.459536075592041,-0.1282815188169479,0.9942224025726318,0.5350912809371948,0.465826541185379,-0.1689559072256088,0.9215477108955384,0.5177978277206421,0.453768253326416,-0.1482074558734893,0.9849179983139038,0.5348283648490906,0.4572995901107788,-0.1712814718484878,0.9226857423782348,0.5183658003807068,0.4446213245391845,-0.1473997980356216,0.9830048084259032,0.5319623351097107,0.4597838222980499,-0.1446316242218017,0.8998270630836487,0.5150123834609985,0.4462771117687225,-0.127290591597557,0.9713771939277648,0.5185049176216125,0.5787726640701294,0.0306160692125558,0.9977316856384276,0.4895036816596985,0.5777466893196106,-0.0305653940886259,0.9973556995391846,0.5095049142837524,0.7031728029251099,0.0222586914896965,0.9049875736236572,0.4891280829906463,0.7010347247123718,-0.0368416272103786,0.9755778908729552,0.5041572451591492,0.8121533393859863,0.1187508329749107,0.9245193600654602,0.4890778660774231,0.818784773349762,0.0508638210594654,0.960092067718506,0.4996814429759979,0.8269718289375305,0.1240490153431892,0.8593299388885498,0.4858279228210449,0.8350955247879028,0.0553121715784072,0.764536440372467,0.5215809345245361,0.846422553062439,0.0559523962438106,0.939733624458313,0.506642758846283,0.8529000282287598,-0.0292877964675426,0.9515053033828736
0.5072224736213684,0.3734408318996429,-0.085420899093151,0.9998284578323364,0.5085324645042419,0.3628401458263397,-0.0714187175035476,0.9997693300247192,0.5096962451934814,0.3631211221218109,-0.0714417621493339,0.9997100830078124,0.5108511447906494,0.3635077774524688,-0.0714365318417549,0.9997156858444214,0.503474771976471,0.3615562617778778,-0.0808872953057289,0.9997146129608154,0.5010987520217896,0.3609709441661834,-0.0808839425444603,0.9996744394302368,0.4983175694942474,0.3603261709213257,-0.0809091180562973,0.9997159242630004,0.5086584091186523,0.3675011992454529,0.0105942226946353,0.9992470145225524,0.4907457232475281,0.3637423813343048,-0.0324515774846077,0.9997414946556092,0.5077260732650757,0.3842926919460296,-0.0537565015256404,0.9998018145561218,0.5021050572395325,0.3834260106086731,-0.066193550825119,0.9998721480369568,0.5181547403335571,0.4314424395561218,0.0684398934245109,0.9996496438980104,0.4725106954574585,0.4230862259864807,-0.0214758161455392,0.9998335838317872,0.5260204076766968,0.5018582344055176,0.0165504124015569,0.8024935126304626,0.4742037057876587,0.5020833611488342,-0.0713356584310531,0.9934619665145874,0.5320591330528259,0.4754911661148071,-0.1360384970903396,0.952658712863922,0.5085409283638,0.4595454037189483,-0.1339451670646667,0.994210124015808,0.5351056456565857,0.4661614894866943,-0.1659662574529647,0.9228837490081788,0.5177841782569885,0.4537520706653595,-0.154395118355751,0.9848608374595642,0.5348427295684814,0.4576747417449951,-0.168324276804924,0.9240199327468872,0.518355667591095,0.4446769952774048,-0.1530288010835647,0.9829351305961608,0.5319647789001465,0.4601816534996032,-0.1417769938707351,0.9013435244560242,0.5150062441825867,0.4463315308094024,-0.1328628063201904,0.9712383151054382,0.5185054540634155,0.5789622068405151,0.0306793414056301,0.997756004333496,0.4895068407058716,0.5780142545700073,-0.0306308306753635,0.9973698854446412,0.5095095038414001,0.7033486366271973,0.0228006485849618,0.9053443670272828,0.4891299605369568,0.7011809945106506,-0.0365471243858337,0.9757804870605468,0.5041588544845581,0.8122054934501648,0.1210733503103256,0.9249165654182434,0.4890815913677215,0.8188064694404602,0.0526401475071907,0.9603735208511353,0.4997094571590423,0.8270099759101868,0.1266422569751739,0.8602606654167175,0.4858347177505493,0.8350996375083923,0.0572846122086048,0.7649568319320679,0.521582841873169,0.8464536070823669,0.0587488822638988,0.9398931860923768,0.5066540241241455,0.8529016971588135,-0.0271513108164072,0.9517754316329956
0.5072142481803894,0.3734423518180847,-0.0865409672260284,0.9998324513435364,0.508528470993042,0.3628354966640472,-0.0724006965756416,0.9997743964195251,0.5096921920776367,0.363119900226593,-0.0724232643842697,0.9997168779373168,0.5108522772789001,0.363508403301239,-0.0724179744720459,0.999722421169281,0.5034627914428711,0.3615534603595733,-0.0816489160060882,0.9997199773788452,0.5010849237442017,0.360969603061676,-0.0816441476345062,0.9996801614761353,0.4983034133911133,0.3603282272815704,-0.0816669091582298,0.9997198581695556,0.5087272524833679,0.3675210475921631,0.0097669521346688,0.9992669820785522,0.4907563030719757,0.3637793362140655,-0.0326115153729915,0.9997441172599792,0.5077248215675354,0.3843041062355041,-0.0549099966883659,0.9998068809509276,0.5021031498908997,0.3834347426891327,-0.0671011060476303,0.9998745322227478,0.5181845426559448,0.432191401720047,0.0672852545976638,0.9996607899665833,0.4725381433963775,0.4230965971946716,-0.0216985419392585,0.9998337030410768,0.5260723233222961,0.5020843744277954,0.0164858736097812,0.808472216129303,0.4741188883781433,0.502079963684082,-0.0754670649766922,0.9935169816017152,0.5321323275566101,0.4757448434829712,-0.134962111711502,0.9543853402137756,0.5084525942802429,0.4596478641033172,-0.1457242667675018,0.994265615940094,0.535173773765564,0.466382771730423,-0.1647441387176513,0.9252142310142516,0.5176899433135986,0.4538889527320862,-0.1671483069658279,0.9849703907966614,0.5349211096763611,0.4577487111091614,-0.1671639531850814,0.9263226389884948,0.5183156132698059,0.4449042081832886,-0.1654987186193466,0.983053743839264,0.5320834517478943,0.460259199142456,-0.1405938416719436,0.904041826725006,0.5149442553520203,0.4465626180171966,-0.1447421163320541,0.9713966846466064,0.5185053944587708,0.5791482925415039,0.0306873004883527,0.9977774024009703,0.4895085096359253,0.5782751441001892,-0.0306397769600152,0.9973881244659424,0.5095216631889343,0.7034302949905396,0.0234949812293052,0.9057928323745728,0.4891327917575836,0.7013295888900757,-0.036341805011034,0.9759871363639832,0.504165768623352,0.8122079968452454,0.1215564310550689,0.925288736820221,0.4890812039375305,0.8188769817352295,0.0527513027191162,0.9606779217720032,0.4997386038303375,0.8270111680030823,0.1271022707223892,0.8610494136810303,0.4858349859714508,0.8351304531097412,0.0573659278452396,0.7655503153800964,0.5215850472450256,0.8464545607566833,0.0593808516860008,0.9400640726089478,0.5066599249839783,0.852905809879303,-0.0270304922014474,0.9520279169082642
0.5072221159934998,0.3734436631202698,-0.0876448526978492,0.9998345971107484,0.5085306763648987,0.3628223538398742,-0.073563665151596,0.9997771978378296,0.5096985101699829,0.3631086647510528,-0.0735855549573898,0.9997205138206482,0.5108733177185059,0.3634984195232391,-0.0735784918069839,0.9997256994247437,0.503458559513092,0.3615513741970062,-0.0829213410615921,0.9997231364250184,0.5010834336280823,0.3609705865383148,-0.0829160213470459,0.999683439731598,0.4983004033565521,0.3603389859199524,-0.0829399824142456,0.9997224807739258,0.5088087320327759,0.3675231039524078,0.0083589721471071,0.9992740154266356,0.490787535905838,0.3638898432254791,-0.0345513373613357,0.9997472763061525,0.5077686309814453,0.3843082785606384,-0.0560786239802837,0.9998087882995604,0.5021315813064575,0.3834538757801056,-0.0684136971831321,0.9998759627342224,0.5182231068611145,0.4323907196521759,0.0665848106145858,0.9996639490127563,0.4725508987903595,0.4231209754943847,-0.0240623913705348,0.9998352527618408,0.5260642766952515,0.5026259422302246,0.0168214868754148,0.8083671927452087,0.4741154909133911,0.5021010637283325,-0.0757501274347305,0.993658721446991,0.5321483016014099,0.4762008190155029,-0.1340891718864441,0.9547821879386902,0.508442759513855,0.4596538543701172,-0.1444959193468094,0.9943689703941344,0.5354668498039246,0.4663315415382385,-0.1637890636920929,0.9258170127868652,0.5177090764045715,0.4539071023464203,-0.1647954285144806,0.9851776361465454,0.5353736281394958,0.4575764238834381,-0.1666703671216964,0.9269415736198424,0.5183384418487549,0.4449345767498016,-0.1629706025123596,0.9832839369773864,0.5324078798294067,0.4601118266582489,-0.1399955451488495,0.9047958850860596,0.5149680376052856,0.4465679228305816,-0.1430983990430832,0.9717605710029602,0.5185167193412781,0.5793778896331787,0.0308082364499568,0.9977807998657228,0.489513486623764,0.578498125076294,-0.0307633467018604,0.997398853302002,0.5095527768135071,0.7035205364227295,0.0249716360121965,0.9056875705718994,0.4891347885131836,0.7014650106430054,-0.0357680395245552,0.9761555194854736,0.5041711330413818,0.8122021555900574,0.1223161965608596,0.9253801107406616,0.4890764653682709,0.8188877105712891,0.0529135651886463,0.960729718208313,0.4997566044330597,0.8269798159599304,0.1277956813573837,0.8616511225700378,0.4858313500881195,0.8351330161094666,0.0575132332742214,0.7652164101600647,0.5215920209884644,0.8464555740356445,0.060460228472948,0.940034031867981,0.5066528916358948,0.8529235124588013,-0.0266998521983623,0.9520427584648132
0.5074136257171631,0.3734393417835235,-0.0874787867069244,0.999835193157196,0.5086086988449097,0.3628183603286743,-0.0734588801860809,0.9997777938842772,0.5097750425338745,0.3631075620651245,-0.0734807774424552,0.9997215867042542,0.5109883546829224,0.3634983897209167,-0.0734737142920494,0.9997267127037048,0.5035286545753479,0.3615496158599853,-0.0828129947185516,0.99972403049469,0.501216471195221,0.3609709441661834,-0.0828075930476188,0.9996843338012696,0.4984135031700134,0.3603441417217254,-0.0828314498066902,0.999722957611084,0.5089418888092041,0.3675249218940735,0.008236002177,0.999277114868164,0.4909447729587555,0.3639585971832275,-0.0346170328557491,0.9997474551200868,0.5079960227012634,0.384300172328949,-0.0560578554868698,0.9998092651367188,0.5023490786552429,0.3834550976753235,-0.068376138806343,0.9998762011528016,0.5184146761894226,0.4323934912681579,0.0661621540784835,0.9996680617332458,0.4726654291152954,0.4231129884719848,-0.0241291336715221,0.9998355507850648,0.526179850101471,0.5020003914833069,0.0173630211502313,0.8101617693901062,0.474068135023117,0.502106785774231,-0.0757085606455802,0.993794083595276,0.5325168967247009,0.4767517149448395,-0.1317232102155685,0.955297589302063,0.5084390044212341,0.4597006440162658,-0.1420421004295349,0.9944681525230408,0.5356931090354919,0.4666131138801574,-0.1611473709344864,0.9264726638793944,0.517747700214386,0.4540433585643768,-0.1623367965221405,0.9853850603103638,0.5355941653251648,0.4577141404151916,-0.1641918271780014,0.9275967478752136,0.5183818936347961,0.4449842870235443,-0.160841092467308,0.9835139513015748,0.5327287316322327,0.4602713584899902,-0.1376098543405532,0.905558705329895,0.5150042772293091,0.4465900957584381,-0.1408217698335647,0.9721058011054992,0.5185213685035706,0.5793769955635071,0.0308136567473411,0.9977856278419496,0.4895190894603729,0.5785031914710999,-0.0307695996016263,0.9974068999290466,0.5095871090888977,0.7035176753997803,0.0248751956969499,0.905507743358612,0.4891577064990997,0.7015113830566406,-0.0357453413307666,0.9762584567070008,0.5041912794113159,0.8121789693832397,0.1211281791329383,0.9254345297813416,0.4890731573104858,0.8188875317573547,0.0519869141280651,0.9607922434806824,0.4997757971286773,0.8269341588020325,0.1264241337776184,0.862092137336731,0.48582524061203,0.8351207971572876,0.0564446412026882,0.7650151252746582,0.5216264128684998,0.8464469909667969,0.0597442984580993,0.9398981928825378,0.5066447854042053,0.8529303073883057,-0.0271943695843219,0.9520038962364196
0.5076046586036682,0.3733807504177093,-0.0868699699640274,0.9998373985290528,0.5086570978164673,0.3627987504005432,-0.0728865563869476,0.9997804164886476,0.5098099112510681,0.3630965054035187,-0.0729067251086235,0.9997247457504272,0.5110260248184204,0.3634927570819855,-0.07289919257164,0.999730110168457,0.5036184787750244,0.3615290224552154,-0.0823791250586509,0.9997285604476928,0.5013965964317322,0.3609617948532104,-0.0823741927742958,0.999689519405365,0.4986205101013183,0.3603398501873016,-0.0823991000652313,0.9997276067733764,0.5089510083198547,0.3675256073474884,0.0082311453297734,0.9992863535881042,0.4911766350269317,0.3639738857746124,-0.0349955596029758,0.9997509717941284,0.5082100629806519,0.3842218518257141,-0.0558234006166458,0.9998125433921814,0.5026001334190369,0.383430540561676,-0.068267248570919,0.9998785257339478,0.5186506509780884,0.432646095752716,0.0656090304255485,0.9996709227561952,0.4728022813796997,0.4231190681457519,-0.0246283486485481,0.9998364448547364,0.5265421271324158,0.5011159777641296,0.0165252070873975,0.8146283626556396,0.4737305343151092,0.5020987391471863,-0.0767075717449188,0.9939612746238708,0.5330440998077393,0.4764777421951294,-0.1322607845067978,0.9562536478042604,0.5082696080207825,0.4601655602455139,-0.1423114389181137,0.9945886731147766,0.535724401473999,0.4664035737514496,-0.1619018912315368,0.9275524020195008,0.5177435874938965,0.4545156359672546,-0.1627497375011444,0.985627830028534,0.5355921983718872,0.4573602080345154,-0.1646929383277893,0.9286272525787354,0.518376886844635,0.4454008340835571,-0.1611574292182922,0.9837801456451416,0.5328165888786316,0.4602454602718353,-0.1382091641426086,0.9067211747169496,0.5150021314620972,0.446944922208786,-0.1411067694425583,0.9724944233894348,0.518525242805481,0.579393744468689,0.0307717900723218,0.997799038887024,0.4895558059215545,0.5785215497016907,-0.0307309105992317,0.9974244832992554,0.5095939040184021,0.7035184502601624,0.0245412979274988,0.906018316745758,0.4891600310802459,0.7015535831451416,-0.0357203260064125,0.9763988852500916,0.5042350888252258,0.8121435642242432,0.1211031004786491,0.9257103204727172,0.4890731871128082,0.8188953399658203,0.0521248318254947,0.9610685706138612,0.4998402893543243,0.8268426656723022,0.1264375299215316,0.8627446293830872,0.4858447909355163,0.8351244330406189,0.0566022507846355,0.7657795548439026,0.5217037200927734,0.8464468121528625,0.0597619004547596,0.9399988055229188,0.5066402554512024,0.852952241897583,-0.0269985608756542,0.952193319797516
